,team_api_id,saison,y_cards_per_match,match_count_x,r_cards_per_match,match_count_y,nb_scorers,nb_assisters,nb_unique_contributors
0,2182,2008/2009,2.5,2.0,0.0,2.0,1.0,2.0,3.0
1,4087,2008/2009,1.82,38.0,0.03,38.0,9.0,8.0,12.0
2,6269,2008/2009,1.94,36.0,0.06,36.0,8.0,6.0,12.0
3,6391,2008/2009,2.47,38.0,0.05,38.0,12.0,15.0,18.0
4,6413,2008/2009,1.22,23.0,0.17,23.0,12.0,12.0,16.0
5,6433,2008/2009,1.13,23.0,0.0,23.0,9.0,7.0,13.0
6,6631,2008/2009,1.13,23.0,0.13,23.0,12.0,9.0,15.0
7,7788,2008/2009,1.39,23.0,0.04,23.0,9.0,10.0,15.0
8,7794,2008/2009,1.68,38.0,0.11,38.0,10.0,7.0,13.0
9,7819,2008/2009,1.13,38.0,0.13,38.0,16.0,17.0,20.0
10,7869,2008/2009,2.66,38.0,0.11,38.0,9.0,8.0,12.0
11,7878,2008/2009,2.92,38.0,0.16,38.0,12.0,6.0,12.0
12,7943,2008/2009,2.61,38.0,0.08,38.0,8.0,6.0,9.0
13,8021,2008/2009,3.0,2.0,0.0,2.0,2.0,0.0,2.0
14,8121,2008/2009,1.84,38.0,0.16,38.0,14.0,9.0,17.0
15,8152,2008/2009,1.68,34.0,0.09,34.0,8.0,5.0,10.0
16,8165,2008/2009,1.56,34.0,0.0,34.0,4.0,5.0,8.0
17,8177,2008/2009,1.76,34.0,0.03,34.0,4.0,4.0,6.0
18,8178,2008/2009,1.76,34.0,0.03,34.0,8.0,6.0,9.0
19,8191,2008/2009,1.45,38.0,0.03,38.0,15.0,14.0,18.0
20,8197,2008/2009,1.32,38.0,0.08,38.0,14.0,12.0,17.0
21,8226,2008/2009,2.15,34.0,0.09,34.0,3.0,1.0,4.0
22,8234,2008/2009,2.35,34.0,0.03,34.0,10.0,10.0,14.0
23,8245,2008/2009,2.0,1.0,0.0,1.0,1.0,2.0,3.0
24,8262,2008/2009,2.56,34.0,0.0,34.0,10.0,11.0,14.0
25,8277,2008/2009,1.74,23.0,0.04,23.0,12.0,11.0,14.0
26,8295,2008/2009,2.0,34.0,0.0,34.0,2.0,2.0,4.0
27,8302,2008/2009,2.66,38.0,0.11,38.0,10.0,11.0,15.0
28,8305,2008/2009,3.05,38.0,0.11,38.0,8.0,4.0,8.0
29,8306,2008/2009,2.55,38.0,0.05,38.0,12.0,14.0,17.0
30,8315,2008/2009,2.63,38.0,0.13,38.0,8.0,7.0,11.0
31,8344,2008/2009,1.29,38.0,0.03,38.0,12.0,12.0,17.0
32,8350,2008/2009,1.76,34.0,0.06,34.0,7.0,6.0,10.0
33,8358,2008/2009,1.47,34.0,0.0,34.0,5.0,3.0,7.0
34,8370,2008/2009,3.24,38.0,0.08,38.0,10.0,12.0,15.0
35,8371,2008/2009,2.71,38.0,0.13,38.0,8.0,5.0,10.0
36,8372,2008/2009,2.82,38.0,0.05,38.0,11.0,10.0,13.0
37,8388,2008/2009,2.58,38.0,0.08,38.0,3.0,1.0,3.0
38,8394,2008/2009,3.05,38.0,0.08,38.0,10.0,8.0,14.0
39,8406,2008/2009,1.91,34.0,0.06,34.0,5.0,5.0,9.0
40,8455,2008/2009,1.32,38.0,0.08,38.0,15.0,16.0,19.0
41,8456,2008/2009,1.34,38.0,0.08,38.0,18.0,18.0,23.0
42,8460,2008/2009,1.53,34.0,0.06,34.0,14.0,14.0,17.0
43,8462,2008/2009,1.63,38.0,0.03,38.0,13.0,11.0,14.0
44,8464,2008/2009,1.41,34.0,0.06,34.0,11.0,8.0,12.0
45,8466,2008/2009,1.13,38.0,0.05,38.0,12.0,9.0,12.0
46,8472,2008/2009,1.82,38.0,0.03,38.0,10.0,12.0,14.0
47,8479,2008/2009,2.42,38.0,0.0,38.0,6.0,3.0,7.0
48,8483,2008/2009,1.24,38.0,0.05,38.0,14.0,12.0,16.0
49,8524,2008/2009,2.11,38.0,0.11,38.0,5.0,4.0,7.0
50,8525,2008/2009,1.48,23.0,0.0,23.0,10.0,11.0,12.0
51,8526,2008/2009,1.79,34.0,0.06,34.0,17.0,11.0,18.0
52,8528,2008/2009,1.61,38.0,0.03,38.0,14.0,13.0,20.0
53,8529,2008/2009,2.29,38.0,0.05,38.0,6.0,7.0,9.0
54,8530,2008/2009,1.89,38.0,0.05,38.0,3.0,4.0,7.0
55,8533,2008/2009,2.5,38.0,0.08,38.0,4.0,6.0,10.0
56,8534,2008/2009,1.61,38.0,0.0,38.0,13.0,12.0,17.0
57,8535,2008/2009,2.21,38.0,0.05,38.0,10.0,11.0,13.0
58,8537,2008/2009,2.21,38.0,0.13,38.0,3.0,3.0,6.0
59,8540,2008/2009,1.97,38.0,0.11,38.0,5.0,5.0,7.0
60,8543,2008/2009,2.26,38.0,0.11,38.0,12.0,7.0,14.0
61,8548,2008/2009,3.0,3.0,0.0,3.0,1.0,1.0,2.0
62,8549,2008/2009,1.45,38.0,0.05,38.0,12.0,9.0,15.0
63,8550,2008/2009,1.95,38.0,0.03,38.0,14.0,8.0,14.0
64,8551,2008/2009,1.5,38.0,0.0,38.0,2.0,3.0,5.0
65,8558,2008/2009,2.66,38.0,0.05,38.0,10.0,4.0,10.0
66,8559,2008/2009,1.61,38.0,0.0,38.0,10.0,13.0,16.0
67,8560,2008/2009,2.05,38.0,0.0,38.0,7.0,8.0,13.0
68,8564,2008/2009,2.21,38.0,0.0,38.0,8.0,11.0,12.0
69,8576,2008/2009,1.89,38.0,0.05,38.0,11.0,8.0,13.0
70,8581,2008/2009,3.16,38.0,0.08,38.0,5.0,4.0,8.0
71,8586,2008/2009,1.47,38.0,0.11,38.0,14.0,15.0,19.0
72,8588,2008/2009,1.92,38.0,0.05,38.0,9.0,13.0,15.0
73,8592,2008/2009,1.67,27.0,0.11,27.0,1.0,1.0,2.0
74,8593,2008/2009,0.5,2.0,0.0,2.0,5.0,4.0,7.0
75,8600,2008/2009,1.87,38.0,0.05,38.0,6.0,5.0,8.0
76,8602,2008/2009,1.47,38.0,0.03,38.0,13.0,11.0,17.0
77,8603,2008/2009,2.47,38.0,0.08,38.0,9.0,10.0,14.0
78,8611,2008/2009,3.0,1.0,0.0,1.0,2.0,0.0,2.0
79,8633,2008/2009,3.0,38.0,0.16,38.0,14.0,16.0,17.0
80,8634,2008/2009,1.92,38.0,0.08,38.0,14.0,12.0,16.0
81,8636,2008/2009,2.16,38.0,0.08,38.0,14.0,14.0,18.0
82,8639,2008/2009,1.53,38.0,0.08,38.0,5.0,8.0,10.0
83,8640,2008/2009,2.0,1.0,0.0,1.0,2.0,1.0,3.0
84,8650,2008/2009,1.32,38.0,0.0,38.0,16.0,19.0,21.0
85,8654,2008/2009,1.79,38.0,0.05,38.0,16.0,15.0,22.0
86,8655,2008/2009,2.0,38.0,0.03,38.0,13.0,12.0,16.0
87,8658,2008/2009,1.87,38.0,0.0,38.0,9.0,12.0,14.0
88,8659,2008/2009,1.76,38.0,0.03,38.0,13.0,13.0,19.0
89,8661,2008/2009,2.71,38.0,0.08,38.0,8.0,4.0,8.0
90,8667,2008/2009,1.89,38.0,0.05,38.0,15.0,11.0,16.0
91,8668,2008/2009,1.29,38.0,0.03,38.0,15.0,14.0,17.0
92,8673,2008/2009,3.5,2.0,0.0,2.0,4.0,3.0,6.0
93,8674,2008/2009,1.39,23.0,0.04,23.0,12.0,10.0,14.0
94,8678,2008/2009,1.39,38.0,0.03,38.0,14.0,10.0,17.0
95,8686,2008/2009,2.18,38.0,0.03,38.0,14.0,12.0,18.0
96,8689,2008/2009,1.29,38.0,0.13,38.0,10.0,9.0,13.0
97,8696,2008/2009,3.05,38.0,0.11,38.0,5.0,4.0,8.0
98,8697,2008/2009,1.59,34.0,0.12,34.0,7.0,7.0,9.0
99,8721,2008/2009,1.68,34.0,0.03,34.0,5.0,5.0,9.0
100,8722,2008/2009,2.12,34.0,0.06,34.0,8.0,6.0,11.0
101,9747,2008/2009,1.79,38.0,0.05,38.0,6.0,6.0,8.0
102,9748,2008/2009,1.5,38.0,0.08,38.0,10.0,10.0,13.0
103,9761,2008/2009,1.57,23.0,0.09,23.0,7.0,11.0,13.0
104,9776,2008/2009,1.85,34.0,0.0,34.0,7.0,10.0,11.0
105,9783,2008/2009,2.08,38.0,0.08,38.0,11.0,7.0,14.0
106,9788,2008/2009,2.06,34.0,0.0,34.0,3.0,1.0,4.0
107,9789,2008/2009,1.47,34.0,0.09,34.0,8.0,4.0,9.0
108,9790,2008/2009,2.26,34.0,0.03,34.0,3.0,4.0,6.0
109,9791,2008/2009,1.35,23.0,0.0,23.0,11.0,8.0,12.0
110,9798,2008/2009,1.18,38.0,0.03,38.0,12.0,15.0,20.0
111,9803,2008/2009,1.76,34.0,0.06,34.0,13.0,18.0,20.0
112,9804,2008/2009,2.39,38.0,0.16,38.0,10.0,6.0,13.0
113,9810,2008/2009,2.21,34.0,0.09,34.0,1.0,1.0,2.0
114,9817,2008/2009,1.97,38.0,0.05,38.0,9.0,9.0,15.0
115,9823,2008/2009,1.88,34.0,0.03,34.0,9.0,11.0,13.0
116,9825,2008/2009,1.58,38.0,0.03,38.0,17.0,15.0,19.0
117,9826,2008/2009,1.55,38.0,0.05,38.0,13.0,14.0,18.0
118,9827,2008/2009,1.42,38.0,0.11,38.0,7.0,7.0,12.0
119,9829,2008/2009,1.71,38.0,0.0,38.0,11.0,10.0,13.0
120,9830,2008/2009,1.47,38.0,0.03,38.0,7.0,6.0,10.0
121,9831,2008/2009,1.55,38.0,0.08,38.0,4.0,3.0,7.0
122,9837,2008/2009,1.5,38.0,0.05,38.0,10.0,7.0,12.0
123,9847,2008/2009,2.22,27.0,0.07,27.0,1.0,1.0,2.0
124,9850,2008/2009,1.5,38.0,0.05,38.0,14.0,17.0,19.0
125,9851,2008/2009,1.32,38.0,0.08,38.0,8.0,8.0,10.0
126,9853,2008/2009,1.82,38.0,0.03,38.0,11.0,9.0,14.0
127,9857,2008/2009,2.16,38.0,0.05,38.0,8.0,5.0,10.0
128,9858,2008/2009,2.53,38.0,0.0,38.0,5.0,6.0,8.0
129,9864,2008/2009,2.32,38.0,0.16,38.0,9.0,5.0,10.0
130,9865,2008/2009,2.24,38.0,0.29,38.0,3.0,4.0,7.0
131,9867,2008/2009,2.29,38.0,0.05,38.0,6.0,6.0,9.0
132,9868,2008/2009,2.58,38.0,0.13,38.0,4.0,5.0,8.0
133,9869,2008/2009,2.84,38.0,0.11,38.0,8.0,6.0,11.0
134,9873,2008/2009,1.67,27.0,0.07,27.0,1.0,0.0,1.0
135,9874,2008/2009,1.92,38.0,0.08,38.0,8.0,7.0,11.0
136,9875,2008/2009,2.18,38.0,0.08,38.0,7.0,5.0,8.0
137,9876,2008/2009,1.82,38.0,0.05,38.0,10.0,10.0,13.0
138,9879,2008/2009,1.08,38.0,0.0,38.0,13.0,10.0,13.0
139,9880,2008/2009,2.13,38.0,0.11,38.0,7.0,7.0,10.0
140,9882,2008/2009,2.42,38.0,0.05,38.0,4.0,1.0,4.0
141,9885,2008/2009,1.84,38.0,0.05,38.0,16.0,12.0,17.0
142,9888,2008/2009,2.42,38.0,0.08,38.0,6.0,5.0,9.0
143,9891,2008/2009,2.92,38.0,0.05,38.0,11.0,12.0,17.0
144,9904,2008/2009,1.74,34.0,0.09,34.0,3.0,2.0,4.0
145,9905,2008/2009,1.71,34.0,0.09,34.0,7.0,6.0,12.0
146,9906,2008/2009,2.84,38.0,0.03,38.0,9.0,9.0,13.0
147,9908,2008/2009,1.7,23.0,0.04,23.0,16.0,14.0,18.0
148,9910,2008/2009,2.21,38.0,0.03,38.0,8.0,8.0,11.0
149,9911,2008/2009,2.26,34.0,0.09,34.0,4.0,4.0,8.0
150,9912,2008/2009,2.03,34.0,0.03,34.0,5.0,5.0,8.0
151,9925,2008/2009,2.33,3.0,0.33,3.0,1.0,1.0,2.0
152,9941,2008/2009,2.08,38.0,0.05,38.0,7.0,9.0,11.0
153,9976,2008/2009,1.5,38.0,0.05,38.0,1.0,1.0,2.0
154,10003,2008/2009,1.05,38.0,0.03,38.0,11.0,13.0,15.0
155,10167,2008/2009,2.32,38.0,0.08,38.0,10.0,8.0,14.0
156,10172,2008/2009,1.45,38.0,0.16,38.0,17.0,15.0,22.0
157,10189,2008/2009,1.88,34.0,0.06,34.0,9.0,10.0,12.0
158,10194,2008/2009,1.95,38.0,0.11,38.0,10.0,11.0,14.0
159,10205,2008/2009,2.55,38.0,0.03,38.0,11.0,10.0,16.0
160,10217,2008/2009,1.91,23.0,0.04,23.0,11.0,11.0,16.0
161,10218,2008/2009,1.09,23.0,0.04,23.0,9.0,9.0,11.0
162,10228,2008/2009,1.74,23.0,0.04,23.0,9.0,11.0,15.0
163,10229,2008/2009,1.57,23.0,0.0,23.0,11.0,13.0,15.0
164,10233,2008/2009,2.5,38.0,0.08,38.0,9.0,9.0,14.0
165,10235,2008/2009,1.0,3.0,0.67,3.0,2.0,1.0,3.0
166,10242,2008/2009,1.95,38.0,0.16,38.0,14.0,12.0,18.0
167,10249,2008/2009,1.59,27.0,0.15,27.0,2.0,2.0,4.0
168,10252,2008/2009,1.39,38.0,0.03,38.0,13.0,10.0,14.0
169,10260,2008/2009,1.68,38.0,0.05,38.0,16.0,14.0,19.0
170,10261,2008/2009,1.58,38.0,0.16,38.0,13.0,19.0,23.0
171,10267,2008/2009,3.08,38.0,0.03,38.0,15.0,12.0,16.0
172,10268,2008/2009,3.03,38.0,0.05,38.0,5.0,6.0,9.0
173,10269,2008/2009,2.0,34.0,0.0,34.0,7.0,5.0,9.0
174,10278,2008/2009,2.42,38.0,0.11,38.0,6.0,5.0,9.0
175,10281,2008/2009,2.05,38.0,0.11,38.0,5.0,3.0,6.0
176,208931,2008/2009,2.89,38.0,0.03,38.0,16.0,12.0,20.0
177,2182,2009/2010,2.5,2.0,0.0,2.0,1.0,2.0,3.0
178,4087,2009/2010,1.82,38.0,0.03,38.0,9.0,8.0,12.0
179,6269,2009/2010,1.94,36.0,0.06,36.0,8.0,6.0,12.0
180,6391,2009/2010,2.47,38.0,0.05,38.0,12.0,15.0,18.0
181,6413,2009/2010,1.22,23.0,0.17,23.0,12.0,12.0,16.0
182,6433,2009/2010,1.13,23.0,0.0,23.0,9.0,7.0,13.0
183,6631,2009/2010,1.13,23.0,0.13,23.0,12.0,9.0,15.0
184,7788,2009/2010,1.39,23.0,0.04,23.0,9.0,10.0,15.0
185,7794,2009/2010,1.68,38.0,0.11,38.0,10.0,7.0,13.0
186,7819,2009/2010,1.13,38.0,0.13,38.0,16.0,17.0,20.0
187,7869,2009/2010,2.66,38.0,0.11,38.0,9.0,8.0,12.0
188,7878,2009/2010,2.92,38.0,0.16,38.0,12.0,6.0,12.0
189,7943,2009/2010,2.61,38.0,0.08,38.0,8.0,6.0,9.0
190,8021,2009/2010,3.0,2.0,0.0,2.0,2.0,0.0,2.0
191,8121,2009/2010,1.84,38.0,0.16,38.0,14.0,9.0,17.0
192,8152,2009/2010,1.68,34.0,0.09,34.0,8.0,5.0,10.0
193,8165,2009/2010,1.56,34.0,0.0,34.0,4.0,5.0,8.0
194,8177,2009/2010,1.62,34.0,0.0,34.0,6.0,4.0,6.0
195,8178,2009/2010,2.0,34.0,0.03,34.0,12.0,10.0,15.0
196,8191,2009/2010,1.45,38.0,0.03,38.0,15.0,14.0,18.0
197,8197,2009/2010,1.32,38.0,0.08,38.0,14.0,12.0,17.0
198,8226,2009/2010,1.91,34.0,0.06,34.0,5.0,2.0,5.0
199,8234,2009/2010,2.35,34.0,0.03,34.0,10.0,10.0,14.0
200,8245,2009/2010,2.0,1.0,0.0,1.0,1.0,2.0,3.0
201,8262,2009/2010,2.56,34.0,0.0,34.0,10.0,11.0,14.0
202,8277,2009/2010,1.74,23.0,0.04,23.0,12.0,11.0,14.0
203,8295,2009/2010,2.0,34.0,0.0,34.0,2.0,2.0,4.0
204,8302,2009/2010,2.55,38.0,0.11,38.0,16.0,15.0,21.0
205,8305,2009/2010,2.76,38.0,0.05,38.0,9.0,7.0,11.0
206,8306,2009/2010,2.55,38.0,0.05,38.0,12.0,14.0,17.0
207,8315,2009/2010,2.26,38.0,0.11,38.0,9.0,10.0,12.0
208,8344,2009/2010,1.29,38.0,0.03,38.0,12.0,12.0,17.0
209,8350,2009/2010,1.76,34.0,0.06,34.0,7.0,6.0,10.0
210,8358,2009/2010,1.47,34.0,0.0,34.0,5.0,3.0,7.0
211,8370,2009/2010,3.24,38.0,0.08,38.0,10.0,12.0,15.0
212,8371,2009/2010,2.13,38.0,0.13,38.0,3.0,2.0,4.0
213,8372,2009/2010,2.82,38.0,0.05,38.0,11.0,10.0,13.0
214,8388,2009/2010,2.58,38.0,0.08,38.0,3.0,1.0,3.0
215,8394,2009/2010,3.05,38.0,0.08,38.0,10.0,8.0,14.0
216,8406,2009/2010,1.91,34.0,0.06,34.0,5.0,5.0,9.0
217,8455,2009/2010,1.39,38.0,0.05,38.0,15.0,18.0,20.0
218,8456,2009/2010,1.32,38.0,0.0,38.0,16.0,16.0,19.0
219,8460,2009/2010,1.53,34.0,0.06,34.0,14.0,14.0,17.0
220,8462,2009/2010,1.79,38.0,0.03,38.0,15.0,13.0,17.0
221,8464,2009/2010,1.41,34.0,0.06,34.0,11.0,8.0,12.0
222,8466,2009/2010,1.13,38.0,0.05,38.0,12.0,9.0,12.0
223,8472,2009/2010,2.11,38.0,0.08,38.0,10.0,12.0,15.0
224,8479,2009/2010,2.42,38.0,0.0,38.0,6.0,3.0,7.0
225,8483,2009/2010,1.24,38.0,0.05,38.0,14.0,12.0,16.0
226,8524,2009/2010,2.78,37.0,0.05,37.0,6.0,3.0,9.0
227,8525,2009/2010,1.48,23.0,0.0,23.0,10.0,11.0,12.0
228,8526,2009/2010,1.79,34.0,0.06,34.0,17.0,11.0,18.0
229,8528,2009/2010,1.66,38.0,0.03,38.0,16.0,12.0,18.0
230,8529,2009/2010,2.18,38.0,0.08,38.0,11.0,6.0,13.0
231,8530,2009/2010,2.34,38.0,0.05,38.0,8.0,9.0,12.0
232,8533,2009/2010,2.76,38.0,0.0,38.0,4.0,4.0,8.0
233,8534,2009/2010,1.61,38.0,0.0,38.0,13.0,12.0,17.0
234,8535,2009/2010,2.11,38.0,0.05,38.0,8.0,8.0,12.0
235,8537,2009/2010,2.21,38.0,0.13,38.0,3.0,3.0,6.0
236,8540,2009/2010,2.37,38.0,0.0,38.0,5.0,5.0,9.0
237,8543,2009/2010,2.5,38.0,0.08,38.0,9.0,6.0,12.0
238,8548,2009/2010,3.0,4.0,0.0,4.0,2.0,4.0,6.0
239,8549,2009/2010,1.45,38.0,0.05,38.0,12.0,9.0,15.0
240,8550,2009/2010,1.95,38.0,0.03,38.0,14.0,8.0,14.0
241,8551,2009/2010,2.37,38.0,0.11,38.0,5.0,1.0,6.0
242,8558,2009/2010,2.92,38.0,0.05,38.0,9.0,5.0,10.0
243,8559,2009/2010,1.87,38.0,0.05,38.0,13.0,14.0,17.0
244,8560,2009/2010,2.05,38.0,0.0,38.0,7.0,8.0,13.0
245,8564,2009/2010,1.92,38.0,0.05,38.0,10.0,11.0,14.0
246,8576,2009/2010,1.89,38.0,0.05,38.0,11.0,8.0,13.0
247,8581,2009/2010,3.16,38.0,0.08,38.0,5.0,4.0,8.0
248,8586,2009/2010,1.45,38.0,0.03,38.0,19.0,14.0,19.0
249,8588,2009/2010,1.92,38.0,0.05,38.0,9.0,13.0,15.0
250,8592,2009/2010,1.67,27.0,0.11,27.0,1.0,1.0,2.0
251,8593,2009/2010,1.67,3.0,0.0,3.0,6.0,3.0,7.0
252,8600,2009/2010,2.37,38.0,0.05,38.0,4.0,4.0,5.0
253,8602,2009/2010,1.47,38.0,0.03,38.0,13.0,11.0,17.0
254,8603,2009/2010,2.47,38.0,0.08,38.0,9.0,10.0,14.0
255,8611,2009/2010,3.0,1.0,0.0,1.0,2.0,0.0,2.0
256,8633,2009/2010,2.21,38.0,0.05,38.0,17.0,16.0,18.0
257,8634,2009/2010,1.82,38.0,0.08,38.0,12.0,14.0,16.0
258,8636,2009/2010,2.24,38.0,0.05,38.0,14.0,12.0,16.0
259,8639,2009/2010,1.53,38.0,0.08,38.0,5.0,8.0,10.0
260,8640,2009/2010,1.0,2.0,0.0,2.0,1.0,0.0,1.0
261,8650,2009/2010,1.47,38.0,0.11,38.0,12.0,15.0,17.0
262,8654,2009/2010,1.66,38.0,0.0,38.0,18.0,12.0,19.0
263,8655,2009/2010,1.37,38.0,0.0,38.0,13.0,13.0,16.0
264,8658,2009/2010,1.87,38.0,0.0,38.0,9.0,12.0,14.0
265,8659,2009/2010,1.76,38.0,0.03,38.0,13.0,13.0,19.0
266,8661,2009/2010,2.42,38.0,0.05,38.0,9.0,6.0,11.0
267,8667,2009/2010,1.55,38.0,0.05,38.0,20.0,10.0,20.0
268,8668,2009/2010,1.21,38.0,0.03,38.0,16.0,19.0,23.0
269,8673,2009/2010,3.5,2.0,0.0,2.0,4.0,3.0,6.0
270,8674,2009/2010,1.39,23.0,0.04,23.0,12.0,10.0,14.0
271,8678,2009/2010,1.39,38.0,0.03,38.0,14.0,10.0,17.0
272,8686,2009/2010,2.22,37.0,0.05,37.0,14.0,14.0,18.0
273,8689,2009/2010,1.29,38.0,0.13,38.0,10.0,9.0,13.0
274,8696,2009/2010,2.5,38.0,0.03,38.0,6.0,9.0,11.0
275,8697,2009/2010,1.47,34.0,0.03,34.0,7.0,7.0,11.0
276,8721,2009/2010,1.74,34.0,0.03,34.0,6.0,9.0,11.0
277,8722,2009/2010,2.06,34.0,0.09,34.0,9.0,8.0,12.0
278,9747,2009/2010,1.79,38.0,0.05,38.0,6.0,6.0,8.0
279,9748,2009/2010,1.5,38.0,0.08,38.0,10.0,10.0,13.0
280,9761,2009/2010,1.57,23.0,0.09,23.0,7.0,11.0,13.0
281,9776,2009/2010,1.85,34.0,0.0,34.0,7.0,10.0,11.0
282,9783,2009/2010,1.58,38.0,0.08,38.0,13.0,7.0,13.0
283,9788,2009/2010,1.38,34.0,0.03,34.0,8.0,7.0,13.0
284,9789,2009/2010,1.47,34.0,0.0,34.0,9.0,10.0,12.0
285,9790,2009/2010,1.56,34.0,0.09,34.0,14.0,6.0,15.0
286,9791,2009/2010,1.35,23.0,0.0,23.0,11.0,8.0,12.0
287,9798,2009/2010,1.18,38.0,0.03,38.0,12.0,15.0,20.0
288,9803,2009/2010,1.76,34.0,0.06,34.0,13.0,18.0,20.0
289,9804,2009/2010,2.39,38.0,0.16,38.0,10.0,6.0,13.0
290,9810,2009/2010,1.76,34.0,0.06,34.0,7.0,5.0,10.0
291,9817,2009/2010,1.97,38.0,0.05,38.0,9.0,9.0,15.0
292,9823,2009/2010,1.32,34.0,0.0,34.0,11.0,14.0,15.0
293,9825,2009/2010,1.39,38.0,0.03,38.0,18.0,17.0,21.0
294,9826,2009/2010,1.55,38.0,0.05,38.0,13.0,14.0,18.0
295,9827,2009/2010,1.42,38.0,0.11,38.0,7.0,7.0,12.0
296,9829,2009/2010,1.71,38.0,0.0,38.0,11.0,10.0,13.0
297,9830,2009/2010,1.47,38.0,0.03,38.0,7.0,6.0,10.0
298,9831,2009/2010,1.55,38.0,0.08,38.0,4.0,3.0,7.0
299,9837,2009/2010,1.5,38.0,0.05,38.0,10.0,7.0,12.0
300,9847,2009/2010,2.22,27.0,0.07,27.0,1.0,1.0,2.0
301,9850,2009/2010,1.5,38.0,0.05,38.0,14.0,17.0,19.0
302,9851,2009/2010,1.32,38.0,0.08,38.0,8.0,8.0,10.0
303,9853,2009/2010,1.82,38.0,0.03,38.0,11.0,9.0,14.0
304,9857,2009/2010,1.87,38.0,0.08,38.0,6.0,7.0,8.0
305,9858,2009/2010,2.53,38.0,0.0,38.0,5.0,6.0,8.0
306,9864,2009/2010,3.08,38.0,0.24,38.0,6.0,5.0,9.0
307,9865,2009/2010,2.37,38.0,0.11,38.0,7.0,4.0,9.0
308,9867,2009/2010,2.29,38.0,0.05,38.0,6.0,6.0,9.0
309,9868,2009/2010,2.58,38.0,0.13,38.0,4.0,5.0,8.0
310,9869,2009/2010,2.53,38.0,0.03,38.0,5.0,3.0,7.0
311,9873,2009/2010,1.67,27.0,0.07,27.0,1.0,0.0,1.0
312,9874,2009/2010,1.92,38.0,0.08,38.0,8.0,7.0,11.0
313,9875,2009/2010,2.47,38.0,0.08,38.0,11.0,8.0,12.0
314,9876,2009/2010,1.82,38.0,0.05,38.0,10.0,10.0,13.0
315,9879,2009/2010,1.13,38.0,0.03,38.0,13.0,12.0,17.0
316,9880,2009/2010,2.13,38.0,0.11,38.0,7.0,7.0,10.0
317,9882,2009/2010,2.18,38.0,0.08,38.0,5.0,7.0,10.0
318,9885,2009/2010,2.34,38.0,0.05,38.0,13.0,13.0,17.0
319,9888,2009/2010,2.42,38.0,0.08,38.0,6.0,5.0,9.0
320,9891,2009/2010,2.92,38.0,0.05,38.0,11.0,12.0,17.0
321,9904,2009/2010,1.94,34.0,0.0,34.0,6.0,5.0,9.0
322,9905,2009/2010,1.71,34.0,0.09,34.0,7.0,6.0,12.0
323,9906,2009/2010,2.32,38.0,0.08,38.0,12.0,10.0,16.0
324,9908,2009/2010,1.7,23.0,0.04,23.0,16.0,14.0,18.0
325,9910,2009/2010,2.21,38.0,0.03,38.0,8.0,8.0,11.0
326,9911,2009/2010,2.09,34.0,0.06,34.0,5.0,3.0,8.0
327,9912,2009/2010,2.03,34.0,0.03,34.0,5.0,5.0,8.0
328,9925,2009/2010,2.5,4.0,0.25,4.0,4.0,2.0,4.0
329,9941,2009/2010,2.08,38.0,0.05,38.0,7.0,9.0,11.0
330,9976,2009/2010,1.5,38.0,0.05,38.0,1.0,1.0,2.0
331,10003,2009/2010,1.05,38.0,0.03,38.0,11.0,13.0,15.0
332,10167,2009/2010,2.32,38.0,0.08,38.0,10.0,8.0,14.0
333,10172,2009/2010,1.45,38.0,0.16,38.0,17.0,15.0,22.0
334,10189,2009/2010,1.82,34.0,0.0,34.0,14.0,13.0,18.0
335,10194,2009/2010,1.58,38.0,0.05,38.0,14.0,11.0,15.0
336,10205,2009/2010,2.39,38.0,0.16,38.0,11.0,13.0,14.0
337,10217,2009/2010,1.91,23.0,0.04,23.0,11.0,11.0,16.0
338,10218,2009/2010,1.09,23.0,0.04,23.0,9.0,9.0,11.0
339,10228,2009/2010,1.74,23.0,0.04,23.0,9.0,11.0,15.0
340,10229,2009/2010,1.57,23.0,0.0,23.0,11.0,13.0,15.0
341,10233,2009/2010,2.63,38.0,0.08,38.0,16.0,7.0,17.0
342,10235,2009/2010,1.0,3.0,0.67,3.0,2.0,1.0,3.0
343,10242,2009/2010,1.95,38.0,0.16,38.0,14.0,12.0,18.0
344,10249,2009/2010,1.59,27.0,0.15,27.0,2.0,2.0,4.0
345,10252,2009/2010,1.55,38.0,0.0,38.0,11.0,11.0,15.0
346,10260,2009/2010,1.29,38.0,0.0,38.0,17.0,16.0,19.0
347,10261,2009/2010,1.58,38.0,0.16,38.0,13.0,19.0,23.0
348,10267,2009/2010,2.63,38.0,0.08,38.0,14.0,13.0,18.0
349,10268,2009/2010,3.03,38.0,0.05,38.0,5.0,6.0,9.0
350,10269,2009/2010,2.09,34.0,0.03,34.0,8.0,9.0,10.0
351,10278,2009/2010,2.42,38.0,0.11,38.0,6.0,5.0,9.0
352,10281,2009/2010,2.61,38.0,0.18,38.0,6.0,7.0,9.0
353,208931,2009/2010,2.89,38.0,0.03,38.0,16.0,12.0,20.0
354,2182,2010/2011,2.5,2.0,0.0,2.0,1.0,2.0,3.0
355,4087,2010/2011,1.82,38.0,0.03,38.0,9.0,8.0,12.0
356,6269,2010/2011,1.94,36.0,0.06,36.0,8.0,6.0,12.0
357,6391,2010/2011,2.47,38.0,0.05,38.0,12.0,15.0,18.0
358,6413,2010/2011,1.22,23.0,0.17,23.0,12.0,12.0,16.0
359,6433,2010/2011,1.13,23.0,0.0,23.0,9.0,7.0,13.0
360,6631,2010/2011,1.13,23.0,0.13,23.0,12.0,9.0,15.0
361,7788,2010/2011,1.39,23.0,0.04,23.0,9.0,10.0,15.0
362,7794,2010/2011,1.68,38.0,0.11,38.0,10.0,7.0,13.0
363,7819,2010/2011,1.13,38.0,0.13,38.0,16.0,17.0,20.0
364,7869,2010/2011,2.66,38.0,0.11,38.0,9.0,8.0,12.0
365,7878,2010/2011,2.92,38.0,0.16,38.0,12.0,6.0,12.0
366,7943,2010/2011,2.61,38.0,0.08,38.0,8.0,6.0,9.0
367,8021,2010/2011,3.0,2.0,0.0,2.0,2.0,0.0,2.0
368,8121,2010/2011,1.84,38.0,0.16,38.0,14.0,9.0,17.0
369,8152,2010/2011,1.68,34.0,0.09,34.0,8.0,5.0,10.0
370,8165,2010/2011,1.56,34.0,0.0,34.0,4.0,5.0,8.0
371,8177,2010/2011,1.62,34.0,0.0,34.0,6.0,4.0,6.0
372,8178,2010/2011,1.62,34.0,0.0,34.0,11.0,10.0,14.0
373,8191,2010/2011,1.45,38.0,0.03,38.0,15.0,14.0,18.0
374,8197,2010/2011,1.32,38.0,0.08,38.0,14.0,12.0,17.0
375,8226,2010/2011,1.79,34.0,0.09,34.0,7.0,6.0,10.0
376,8234,2010/2011,2.35,34.0,0.03,34.0,10.0,10.0,14.0
377,8245,2010/2011,2.0,1.0,0.0,1.0,1.0,2.0,3.0
378,8262,2010/2011,2.56,34.0,0.0,34.0,10.0,11.0,14.0
379,8277,2010/2011,1.74,23.0,0.04,23.0,12.0,11.0,14.0
380,8295,2010/2011,2.0,34.0,0.0,34.0,2.0,2.0,4.0
381,8302,2010/2011,2.76,38.0,0.08,38.0,13.0,13.0,18.0
382,8305,2010/2011,3.0,38.0,0.08,38.0,11.0,10.0,14.0
383,8306,2010/2011,2.55,38.0,0.05,38.0,12.0,14.0,17.0
384,8315,2010/2011,2.76,38.0,0.08,38.0,10.0,10.0,15.0
385,8344,2010/2011,1.29,38.0,0.03,38.0,12.0,12.0,17.0
386,8350,2010/2011,1.76,34.0,0.06,34.0,7.0,6.0,10.0
387,8358,2010/2011,1.38,34.0,0.06,34.0,3.0,3.0,6.0
388,8370,2010/2011,3.24,38.0,0.08,38.0,10.0,12.0,15.0
389,8371,2010/2011,2.97,38.0,0.05,38.0,9.0,8.0,13.0
390,8372,2010/2011,2.82,38.0,0.05,38.0,11.0,10.0,13.0
391,8388,2010/2011,2.58,38.0,0.08,38.0,3.0,1.0,3.0
392,8394,2010/2011,3.24,38.0,0.13,38.0,8.0,4.0,10.0
393,8406,2010/2011,1.91,34.0,0.06,34.0,5.0,5.0,9.0
394,8455,2010/2011,1.55,38.0,0.03,38.0,13.0,15.0,19.0
395,8456,2010/2011,1.92,38.0,0.08,38.0,15.0,12.0,17.0
396,8460,2010/2011,1.53,34.0,0.06,34.0,14.0,14.0,17.0
397,8462,2010/2011,1.79,38.0,0.03,38.0,15.0,13.0,17.0
398,8464,2010/2011,1.41,34.0,0.06,34.0,11.0,8.0,12.0
399,8466,2010/2011,1.13,38.0,0.05,38.0,12.0,9.0,12.0
400,8472,2010/2011,1.58,38.0,0.05,38.0,11.0,12.0,15.0
401,8479,2010/2011,2.42,38.0,0.0,38.0,6.0,3.0,7.0
402,8483,2010/2011,1.24,38.0,0.05,38.0,14.0,12.0,16.0
403,8524,2010/2011,2.78,37.0,0.05,37.0,6.0,3.0,9.0
404,8525,2010/2011,1.48,23.0,0.0,23.0,10.0,11.0,12.0
405,8526,2010/2011,1.79,34.0,0.06,34.0,17.0,11.0,18.0
406,8528,2010/2011,1.79,38.0,0.08,38.0,13.0,14.0,16.0
407,8529,2010/2011,1.87,38.0,0.0,38.0,6.0,2.0,6.0
408,8530,2010/2011,1.84,38.0,0.11,38.0,11.0,7.0,13.0
409,8533,2010/2011,2.53,38.0,0.03,38.0,8.0,7.0,13.0
410,8534,2010/2011,1.61,38.0,0.0,38.0,13.0,12.0,17.0
411,8535,2010/2011,1.89,38.0,0.11,38.0,14.0,10.0,15.0
412,8537,2010/2011,2.21,38.0,0.13,38.0,3.0,3.0,6.0
413,8540,2010/2011,2.11,38.0,0.03,38.0,13.0,11.0,15.0
414,8543,2010/2011,1.84,38.0,0.13,38.0,12.0,11.0,15.0
415,8548,2010/2011,3.0,4.0,0.0,4.0,2.0,4.0,6.0
416,8549,2010/2011,1.45,38.0,0.05,38.0,12.0,9.0,15.0
417,8550,2010/2011,1.95,38.0,0.03,38.0,14.0,8.0,14.0
418,8551,2010/2011,2.37,38.0,0.11,38.0,5.0,1.0,6.0
419,8558,2010/2011,2.82,38.0,0.08,38.0,6.0,2.0,6.0
420,8559,2010/2011,1.82,38.0,0.08,38.0,16.0,11.0,17.0
421,8560,2010/2011,2.05,38.0,0.0,38.0,7.0,8.0,13.0
422,8564,2010/2011,1.74,38.0,0.05,38.0,11.0,13.0,17.0
423,8576,2010/2011,1.89,38.0,0.05,38.0,11.0,8.0,13.0
424,8581,2010/2011,3.16,38.0,0.08,38.0,5.0,4.0,8.0
425,8586,2010/2011,1.32,38.0,0.05,38.0,14.0,14.0,18.0
426,8588,2010/2011,1.92,38.0,0.05,38.0,9.0,13.0,15.0
427,8592,2010/2011,1.67,27.0,0.11,27.0,1.0,1.0,2.0
428,8593,2010/2011,2.0,3.0,0.0,3.0,2.0,2.0,4.0
429,8600,2010/2011,2.0,38.0,0.11,38.0,12.0,8.0,14.0
430,8602,2010/2011,1.63,38.0,0.03,38.0,17.0,16.0,21.0
431,8603,2010/2011,2.47,38.0,0.08,38.0,9.0,10.0,14.0
432,8611,2010/2011,3.0,1.0,0.0,1.0,2.0,0.0,2.0
433,8633,2010/2011,2.58,38.0,0.08,38.0,14.0,12.0,17.0
434,8634,2010/2011,1.89,38.0,0.03,38.0,14.0,13.0,17.0
435,8636,2010/2011,1.47,38.0,0.08,38.0,15.0,12.0,18.0
436,8639,2010/2011,1.53,38.0,0.08,38.0,5.0,8.0,10.0
437,8640,2010/2011,3.0,1.0,1.0,1.0,1.0,1.0,2.0
438,8650,2010/2011,1.68,38.0,0.03,38.0,15.0,16.0,21.0
439,8654,2010/2011,1.53,38.0,0.0,38.0,15.0,13.0,19.0
440,8655,2010/2011,1.74,38.0,0.11,38.0,14.0,13.0,18.0
441,8658,2010/2011,1.53,38.0,0.05,38.0,13.0,13.0,18.0
442,8659,2010/2011,1.45,38.0,0.11,38.0,19.0,15.0,20.0
443,8661,2010/2011,2.26,38.0,0.08,38.0,6.0,6.0,6.0
444,8667,2010/2011,1.55,38.0,0.05,38.0,20.0,10.0,20.0
445,8668,2010/2011,1.53,38.0,0.08,38.0,15.0,13.0,18.0
446,8673,2010/2011,3.5,2.0,0.0,2.0,4.0,3.0,6.0
447,8674,2010/2011,1.39,23.0,0.04,23.0,12.0,10.0,14.0
448,8678,2010/2011,1.39,38.0,0.03,38.0,14.0,10.0,17.0
449,8686,2010/2011,2.18,38.0,0.21,38.0,13.0,11.0,16.0
450,8689,2010/2011,1.29,38.0,0.13,38.0,10.0,9.0,13.0
451,8696,2010/2011,2.34,38.0,0.13,38.0,10.0,11.0,16.0
452,8697,2010/2011,2.0,34.0,0.06,34.0,11.0,6.0,12.0
453,8721,2010/2011,2.15,34.0,0.03,34.0,5.0,7.0,9.0
454,8722,2010/2011,2.32,34.0,0.03,34.0,7.0,10.0,12.0
455,9747,2010/2011,1.79,38.0,0.05,38.0,6.0,6.0,8.0
456,9748,2010/2011,1.5,38.0,0.08,38.0,10.0,10.0,13.0
457,9761,2010/2011,1.57,23.0,0.09,23.0,7.0,11.0,13.0
458,9776,2010/2011,1.85,34.0,0.0,34.0,7.0,10.0,11.0
459,9783,2010/2011,2.34,38.0,0.03,38.0,5.0,4.0,7.0
460,9788,2010/2011,1.56,34.0,0.15,34.0,10.0,6.0,13.0
461,9789,2010/2011,1.18,34.0,0.0,34.0,10.0,10.0,13.0
462,9790,2010/2011,1.56,34.0,0.03,34.0,9.0,5.0,11.0
463,9791,2010/2011,1.35,23.0,0.0,23.0,11.0,8.0,12.0
464,9798,2010/2011,1.18,38.0,0.03,38.0,12.0,15.0,20.0
465,9803,2010/2011,1.76,34.0,0.06,34.0,13.0,18.0,20.0
466,9804,2010/2011,2.39,38.0,0.16,38.0,10.0,6.0,13.0
467,9810,2010/2011,2.15,34.0,0.06,34.0,5.0,6.0,9.0
468,9817,2010/2011,1.97,38.0,0.05,38.0,9.0,9.0,15.0
469,9823,2010/2011,1.26,34.0,0.06,34.0,14.0,12.0,16.0
470,9825,2010/2011,1.79,38.0,0.11,38.0,17.0,15.0,21.0
471,9826,2010/2011,1.55,38.0,0.05,38.0,13.0,14.0,18.0
472,9827,2010/2011,1.42,38.0,0.11,38.0,7.0,7.0,12.0
473,9829,2010/2011,1.71,38.0,0.0,38.0,11.0,10.0,13.0
474,9830,2010/2011,1.47,38.0,0.03,38.0,7.0,6.0,10.0
475,9831,2010/2011,1.55,38.0,0.08,38.0,4.0,3.0,7.0
476,9837,2010/2011,1.5,38.0,0.05,38.0,10.0,7.0,12.0
477,9847,2010/2011,2.22,27.0,0.07,27.0,1.0,1.0,2.0
478,9850,2010/2011,1.5,38.0,0.05,38.0,14.0,17.0,19.0
479,9851,2010/2011,1.32,38.0,0.08,38.0,8.0,8.0,10.0
480,9853,2010/2011,1.82,38.0,0.03,38.0,11.0,9.0,14.0
481,9857,2010/2011,2.22,37.0,0.08,37.0,9.0,12.0,15.0
482,9858,2010/2011,2.53,38.0,0.0,38.0,5.0,6.0,8.0
483,9864,2010/2011,2.7,37.0,0.11,37.0,9.0,9.0,14.0
484,9865,2010/2011,2.58,38.0,0.05,38.0,7.0,5.0,10.0
485,9867,2010/2011,2.29,38.0,0.05,38.0,6.0,6.0,9.0
486,9868,2010/2011,2.58,38.0,0.13,38.0,4.0,5.0,8.0
487,9869,2010/2011,2.68,37.0,0.08,37.0,4.0,4.0,7.0
488,9873,2010/2011,1.67,27.0,0.07,27.0,1.0,0.0,1.0
489,9874,2010/2011,1.92,38.0,0.08,38.0,8.0,7.0,11.0
490,9875,2010/2011,2.53,38.0,0.03,38.0,9.0,9.0,12.0
491,9876,2010/2011,1.82,38.0,0.05,38.0,10.0,10.0,13.0
492,9879,2010/2011,1.37,38.0,0.03,38.0,15.0,15.0,19.0
493,9880,2010/2011,2.13,38.0,0.11,38.0,7.0,7.0,10.0
494,9882,2010/2011,2.05,38.0,0.03,38.0,12.0,9.0,15.0
495,9885,2010/2011,1.92,38.0,0.11,38.0,13.0,13.0,18.0
496,9888,2010/2011,2.18,38.0,0.11,38.0,10.0,6.0,11.0
497,9891,2010/2011,2.92,38.0,0.05,38.0,11.0,12.0,17.0
498,9904,2010/2011,1.68,34.0,0.06,34.0,6.0,7.0,9.0
499,9905,2010/2011,1.5,34.0,0.03,34.0,12.0,9.0,15.0
500,9906,2010/2011,2.82,38.0,0.13,38.0,15.0,13.0,18.0
501,9908,2010/2011,1.7,23.0,0.04,23.0,16.0,14.0,18.0
502,9910,2010/2011,2.21,38.0,0.03,38.0,8.0,8.0,11.0
503,9911,2010/2011,2.09,34.0,0.06,34.0,5.0,3.0,8.0
504,9912,2010/2011,2.03,34.0,0.03,34.0,5.0,5.0,8.0
505,9925,2010/2011,2.75,4.0,0.0,4.0,3.0,3.0,5.0
506,9941,2010/2011,2.08,38.0,0.05,38.0,7.0,9.0,11.0
507,9976,2010/2011,2.0,38.0,0.08,38.0,7.0,7.0,12.0
508,10003,2010/2011,1.05,38.0,0.03,38.0,11.0,13.0,15.0
509,10167,2010/2011,2.27,37.0,0.08,37.0,10.0,8.0,14.0
510,10172,2010/2011,1.45,38.0,0.16,38.0,17.0,15.0,22.0
511,10189,2010/2011,1.59,34.0,0.03,34.0,8.0,4.0,10.0
512,10194,2010/2011,1.84,38.0,0.03,38.0,15.0,11.0,17.0
513,10205,2010/2011,2.42,38.0,0.05,38.0,13.0,11.0,15.0
514,10217,2010/2011,1.91,23.0,0.04,23.0,11.0,11.0,16.0
515,10218,2010/2011,1.09,23.0,0.04,23.0,9.0,9.0,11.0
516,10228,2010/2011,1.74,23.0,0.04,23.0,9.0,11.0,15.0
517,10229,2010/2011,1.57,23.0,0.0,23.0,11.0,13.0,15.0
518,10233,2010/2011,1.74,38.0,0.08,38.0,6.0,6.0,10.0
519,10235,2010/2011,2.67,3.0,0.0,3.0,3.0,3.0,6.0
520,10242,2010/2011,1.95,38.0,0.16,38.0,14.0,12.0,18.0
521,10249,2010/2011,1.59,27.0,0.15,27.0,2.0,2.0,4.0
522,10252,2010/2011,1.87,38.0,0.05,38.0,13.0,13.0,17.0
523,10260,2010/2011,1.53,38.0,0.03,38.0,15.0,16.0,19.0
524,10261,2010/2011,2.03,38.0,0.05,38.0,12.0,15.0,19.0
525,10267,2010/2011,3.05,38.0,0.08,38.0,15.0,15.0,18.0
526,10268,2010/2011,3.03,38.0,0.05,38.0,5.0,6.0,9.0
527,10269,2010/2011,1.88,34.0,0.12,34.0,11.0,8.0,12.0
528,10278,2010/2011,2.42,38.0,0.11,38.0,6.0,5.0,9.0
529,10281,2010/2011,2.61,38.0,0.18,38.0,6.0,7.0,9.0
530,208931,2010/2011,2.89,38.0,0.03,38.0,16.0,12.0,20.0
531,2182,2011/2012,2.5,2.0,0.0,2.0,1.0,2.0,3.0
532,4087,2011/2012,1.82,38.0,0.03,38.0,9.0,8.0,12.0
533,6269,2011/2012,1.94,36.0,0.06,36.0,8.0,6.0,12.0
534,6391,2011/2012,2.47,38.0,0.05,38.0,12.0,15.0,18.0
535,6413,2011/2012,1.22,23.0,0.17,23.0,12.0,12.0,16.0
536,6433,2011/2012,1.13,23.0,0.0,23.0,9.0,7.0,13.0
537,6631,2011/2012,1.13,23.0,0.13,23.0,12.0,9.0,15.0
538,7788,2011/2012,1.39,23.0,0.04,23.0,9.0,10.0,15.0
539,7794,2011/2012,1.68,38.0,0.11,38.0,10.0,7.0,13.0
540,7819,2011/2012,1.13,38.0,0.13,38.0,16.0,17.0,20.0
541,7869,2011/2012,2.66,38.0,0.11,38.0,9.0,8.0,12.0
542,7878,2011/2012,2.92,38.0,0.16,38.0,12.0,6.0,12.0
543,7943,2011/2012,2.61,38.0,0.08,38.0,8.0,6.0,9.0
544,8021,2011/2012,3.0,2.0,0.0,2.0,2.0,0.0,2.0
545,8121,2011/2012,1.84,38.0,0.16,38.0,14.0,9.0,17.0
546,8152,2011/2012,1.68,34.0,0.09,34.0,8.0,5.0,10.0
547,8165,2011/2012,2.15,34.0,0.03,34.0,3.0,2.0,4.0
548,8177,2011/2012,2.0,34.0,0.12,34.0,6.0,6.0,10.0
549,8178,2011/2012,1.41,34.0,0.09,34.0,10.0,12.0,14.0
550,8191,2011/2012,1.45,38.0,0.03,38.0,15.0,14.0,18.0
551,8197,2011/2012,1.32,38.0,0.08,38.0,14.0,12.0,17.0
552,8226,2011/2012,2.06,34.0,0.06,34.0,3.0,2.0,5.0
553,8234,2011/2012,2.35,34.0,0.03,34.0,10.0,10.0,14.0
554,8245,2011/2012,2.0,1.0,0.0,1.0,1.0,2.0,3.0
555,8262,2011/2012,2.56,34.0,0.0,34.0,10.0,11.0,14.0
556,8277,2011/2012,1.74,23.0,0.04,23.0,12.0,11.0,14.0
557,8295,2011/2012,2.0,34.0,0.0,34.0,2.0,2.0,4.0
558,8302,2011/2012,2.92,38.0,0.08,38.0,12.0,11.0,17.0
559,8305,2011/2012,3.21,38.0,0.11,38.0,6.0,7.0,9.0
560,8306,2011/2012,2.55,38.0,0.05,38.0,12.0,14.0,17.0
561,8315,2011/2012,2.87,38.0,0.05,38.0,13.0,10.0,15.0
562,8344,2011/2012,1.29,38.0,0.03,38.0,12.0,12.0,17.0
563,8350,2011/2012,2.09,34.0,0.09,34.0,8.0,7.0,11.0
564,8358,2011/2012,1.68,34.0,0.03,34.0,7.0,5.0,11.0
565,8370,2011/2012,3.24,38.0,0.08,38.0,10.0,12.0,15.0
566,8371,2011/2012,2.71,38.0,0.05,38.0,9.0,7.0,13.0
567,8372,2011/2012,2.82,38.0,0.05,38.0,11.0,10.0,13.0
568,8388,2011/2012,2.58,38.0,0.08,38.0,3.0,1.0,3.0
569,8394,2011/2012,3.11,38.0,0.11,38.0,9.0,8.0,13.0
570,8406,2011/2012,1.91,34.0,0.06,34.0,5.0,5.0,9.0
571,8455,2011/2012,1.97,38.0,0.08,38.0,16.0,17.0,18.0
572,8456,2011/2012,1.42,38.0,0.03,38.0,16.0,16.0,18.0
573,8460,2011/2012,1.53,34.0,0.06,34.0,14.0,14.0,17.0
574,8462,2011/2012,1.79,38.0,0.03,38.0,15.0,13.0,17.0
575,8464,2011/2012,1.41,34.0,0.06,34.0,11.0,8.0,12.0
576,8466,2011/2012,1.13,38.0,0.05,38.0,12.0,9.0,12.0
577,8472,2011/2012,1.58,38.0,0.05,38.0,15.0,11.0,15.0
578,8479,2011/2012,2.42,38.0,0.0,38.0,6.0,3.0,7.0
579,8483,2011/2012,1.24,38.0,0.05,38.0,14.0,12.0,16.0
580,8524,2011/2012,2.57,35.0,0.06,35.0,6.0,7.0,10.0
581,8525,2011/2012,1.48,23.0,0.0,23.0,10.0,11.0,12.0
582,8526,2011/2012,1.79,34.0,0.06,34.0,17.0,11.0,18.0
583,8528,2011/2012,1.79,38.0,0.05,38.0,12.0,12.0,16.0
584,8529,2011/2012,2.17,36.0,0.0,36.0,12.0,5.0,14.0
585,8530,2011/2012,2.09,34.0,0.03,34.0,9.0,5.0,10.0
586,8533,2011/2012,2.08,37.0,0.0,37.0,6.0,9.0,10.0
587,8534,2011/2012,1.61,38.0,0.0,38.0,13.0,12.0,17.0
588,8535,2011/2012,2.32,34.0,0.06,34.0,8.0,7.0,13.0
589,8537,2011/2012,2.21,38.0,0.13,38.0,3.0,3.0,6.0
590,8540,2011/2012,2.16,38.0,0.08,38.0,9.0,6.0,11.0
591,8543,2011/2012,2.03,36.0,0.11,36.0,15.0,12.0,17.0
592,8548,2011/2012,0.5,2.0,0.5,2.0,6.0,4.0,9.0
593,8549,2011/2012,1.45,38.0,0.05,38.0,12.0,9.0,15.0
594,8550,2011/2012,1.95,38.0,0.03,38.0,14.0,8.0,14.0
595,8551,2011/2012,2.36,36.0,0.0,36.0,5.0,7.0,9.0
596,8558,2011/2012,3.37,38.0,0.08,38.0,12.0,7.0,13.0
597,8559,2011/2012,1.26,38.0,0.11,38.0,15.0,11.0,18.0
598,8560,2011/2012,2.08,38.0,0.08,38.0,9.0,8.0,12.0
599,8564,2011/2012,2.05,37.0,0.05,37.0,15.0,10.0,16.0
600,8576,2011/2012,1.89,38.0,0.05,38.0,11.0,8.0,13.0
601,8581,2011/2012,3.03,38.0,0.03,38.0,7.0,10.0,13.0
602,8586,2011/2012,1.18,38.0,0.03,38.0,12.0,14.0,15.0
603,8588,2011/2012,1.92,38.0,0.05,38.0,9.0,13.0,15.0
604,8592,2011/2012,1.67,27.0,0.11,27.0,1.0,1.0,2.0
605,8593,2011/2012,1.75,4.0,0.25,4.0,6.0,4.0,8.0
606,8600,2011/2012,2.22,36.0,0.03,36.0,11.0,11.0,15.0
607,8602,2011/2012,1.68,38.0,0.08,38.0,11.0,12.0,14.0
608,8603,2011/2012,2.79,38.0,0.11,38.0,10.0,8.0,12.0
609,8611,2011/2012,3.0,1.0,0.0,1.0,2.0,0.0,2.0
610,8633,2011/2012,2.45,38.0,0.03,38.0,14.0,14.0,17.0
611,8634,2011/2012,2.08,38.0,0.03,38.0,17.0,14.0,18.0
612,8636,2011/2012,1.65,37.0,0.05,37.0,16.0,15.0,19.0
613,8639,2011/2012,1.53,38.0,0.08,38.0,5.0,8.0,10.0
614,8640,2011/2012,2.0,5.0,0.0,5.0,5.0,1.0,5.0
615,8650,2011/2012,1.47,38.0,0.08,38.0,13.0,15.0,18.0
616,8654,2011/2012,1.53,38.0,0.0,38.0,15.0,13.0,19.0
617,8655,2011/2012,1.76,38.0,0.08,38.0,13.0,16.0,18.0
618,8658,2011/2012,1.53,38.0,0.05,38.0,13.0,13.0,18.0
619,8659,2011/2012,1.24,38.0,0.0,38.0,16.0,17.0,19.0
620,8661,2011/2012,3.11,38.0,0.11,38.0,6.0,7.0,9.0
621,8667,2011/2012,1.55,38.0,0.05,38.0,20.0,10.0,20.0
622,8668,2011/2012,1.53,38.0,0.05,38.0,19.0,15.0,22.0
623,8673,2011/2012,3.5,2.0,0.0,2.0,4.0,3.0,6.0
624,8674,2011/2012,1.39,23.0,0.04,23.0,12.0,10.0,14.0
625,8678,2011/2012,1.39,38.0,0.03,38.0,14.0,10.0,17.0
626,8686,2011/2012,1.97,37.0,0.22,37.0,12.0,12.0,17.0
627,8689,2011/2012,1.29,38.0,0.13,38.0,10.0,9.0,13.0
628,8696,2011/2012,3.0,38.0,0.13,38.0,7.0,5.0,10.0
629,8697,2011/2012,1.88,34.0,0.12,34.0,9.0,10.0,15.0
630,8721,2011/2012,1.85,34.0,0.06,34.0,10.0,9.0,15.0
631,8722,2011/2012,2.0,34.0,0.15,34.0,7.0,9.0,12.0
632,9747,2011/2012,1.79,38.0,0.05,38.0,6.0,6.0,8.0
633,9748,2011/2012,1.5,38.0,0.08,38.0,10.0,10.0,13.0
634,9761,2011/2012,1.57,23.0,0.09,23.0,7.0,11.0,13.0
635,9776,2011/2012,1.85,34.0,0.0,34.0,7.0,10.0,11.0
636,9783,2011/2012,2.34,38.0,0.03,38.0,5.0,4.0,7.0
637,9788,2011/2012,1.44,34.0,0.0,34.0,9.0,6.0,10.0
638,9789,2011/2012,1.03,34.0,0.03,34.0,15.0,14.0,17.0
639,9790,2011/2012,1.79,34.0,0.06,34.0,12.0,8.0,16.0
640,9791,2011/2012,1.35,23.0,0.0,23.0,11.0,8.0,12.0
641,9798,2011/2012,1.18,38.0,0.03,38.0,12.0,15.0,20.0
642,9803,2011/2012,1.76,34.0,0.06,34.0,13.0,18.0,20.0
643,9804,2011/2012,2.39,38.0,0.16,38.0,10.0,6.0,13.0
644,9810,2011/2012,2.15,34.0,0.06,34.0,5.0,6.0,9.0
645,9817,2011/2012,1.97,38.0,0.05,38.0,9.0,9.0,15.0
646,9823,2011/2012,1.24,34.0,0.06,34.0,11.0,12.0,15.0
647,9825,2011/2012,1.68,38.0,0.03,38.0,16.0,16.0,20.0
648,9826,2011/2012,1.55,38.0,0.05,38.0,13.0,14.0,18.0
649,9827,2011/2012,1.42,38.0,0.11,38.0,7.0,7.0,12.0
650,9829,2011/2012,1.71,38.0,0.0,38.0,11.0,10.0,13.0
651,9830,2011/2012,1.47,38.0,0.03,38.0,7.0,6.0,10.0
652,9831,2011/2012,1.55,38.0,0.08,38.0,4.0,3.0,7.0
653,9837,2011/2012,1.5,38.0,0.05,38.0,10.0,7.0,12.0
654,9847,2011/2012,2.22,27.0,0.07,27.0,1.0,1.0,2.0
655,9850,2011/2012,1.5,38.0,0.05,38.0,14.0,17.0,19.0
656,9851,2011/2012,1.32,38.0,0.08,38.0,8.0,8.0,10.0
657,9853,2011/2012,1.82,38.0,0.03,38.0,11.0,9.0,14.0
658,9857,2011/2012,2.54,35.0,0.11,35.0,6.0,6.0,9.0
659,9858,2011/2012,2.53,38.0,0.0,38.0,5.0,6.0,8.0
660,9864,2011/2012,1.95,38.0,0.11,38.0,12.0,8.0,17.0
661,9865,2011/2012,2.58,38.0,0.05,38.0,7.0,5.0,10.0
662,9867,2011/2012,2.29,38.0,0.05,38.0,6.0,6.0,9.0
663,9868,2011/2012,2.58,38.0,0.13,38.0,4.0,5.0,8.0
664,9869,2011/2012,3.11,38.0,0.0,38.0,13.0,9.0,16.0
665,9873,2011/2012,1.67,27.0,0.07,27.0,1.0,0.0,1.0
666,9874,2011/2012,1.92,38.0,0.08,38.0,8.0,7.0,11.0
667,9875,2011/2012,2.17,36.0,0.08,36.0,14.0,13.0,16.0
668,9876,2011/2012,1.82,38.0,0.05,38.0,10.0,10.0,13.0
669,9879,2011/2012,1.37,38.0,0.0,38.0,13.0,12.0,15.0
670,9880,2011/2012,2.5,34.0,0.09,34.0,5.0,4.0,7.0
671,9882,2011/2012,2.05,38.0,0.03,38.0,12.0,9.0,15.0
672,9885,2011/2012,1.66,35.0,0.06,35.0,18.0,14.0,19.0
673,9888,2011/2012,2.77,35.0,0.09,35.0,10.0,4.0,11.0
674,9891,2011/2012,2.92,38.0,0.05,38.0,11.0,12.0,17.0
675,9904,2011/2012,1.91,34.0,0.06,34.0,9.0,9.0,12.0
676,9905,2011/2012,1.47,34.0,0.03,34.0,12.0,11.0,19.0
677,9906,2011/2012,3.34,38.0,0.05,38.0,10.0,11.0,14.0
678,9908,2011/2012,1.7,23.0,0.04,23.0,16.0,14.0,18.0
679,9910,2011/2012,2.21,38.0,0.03,38.0,8.0,8.0,11.0
680,9911,2011/2012,2.09,34.0,0.06,34.0,5.0,3.0,8.0
681,9912,2011/2012,2.03,34.0,0.03,34.0,5.0,5.0,8.0
682,9925,2011/2012,1.0,2.0,1.0,2.0,4.0,3.0,6.0
683,9941,2011/2012,2.08,38.0,0.05,38.0,7.0,9.0,11.0
684,9976,2011/2012,2.0,38.0,0.08,38.0,7.0,7.0,12.0
685,10003,2011/2012,1.05,38.0,0.03,38.0,11.0,13.0,15.0
686,10167,2011/2012,2.08,36.0,0.03,36.0,6.0,4.0,8.0
687,10172,2011/2012,1.45,38.0,0.16,38.0,17.0,15.0,22.0
688,10189,2011/2012,1.82,34.0,0.03,34.0,13.0,11.0,15.0
689,10194,2011/2012,1.53,38.0,0.05,38.0,13.0,11.0,16.0
690,10205,2011/2012,2.5,38.0,0.03,38.0,9.0,12.0,16.0
691,10217,2011/2012,1.91,23.0,0.04,23.0,11.0,11.0,16.0
692,10218,2011/2012,1.09,23.0,0.04,23.0,9.0,9.0,11.0
693,10228,2011/2012,1.74,23.0,0.04,23.0,9.0,11.0,15.0
694,10229,2011/2012,1.57,23.0,0.0,23.0,11.0,13.0,15.0
695,10233,2011/2012,2.39,36.0,0.25,36.0,8.0,10.0,12.0
696,10235,2011/2012,2.0,4.0,0.0,4.0,6.0,5.0,7.0
697,10242,2011/2012,1.95,38.0,0.16,38.0,14.0,12.0,18.0
698,10249,2011/2012,1.59,27.0,0.15,27.0,2.0,2.0,4.0
699,10252,2011/2012,1.84,38.0,0.03,38.0,15.0,12.0,18.0
700,10260,2011/2012,1.32,38.0,0.03,38.0,16.0,17.0,20.0
701,10261,2011/2012,1.76,38.0,0.03,38.0,11.0,15.0,17.0
702,10267,2011/2012,3.29,38.0,0.13,38.0,11.0,14.0,15.0
703,10268,2011/2012,3.03,38.0,0.05,38.0,5.0,6.0,9.0
704,10269,2011/2012,1.76,34.0,0.03,34.0,8.0,9.0,12.0
705,10278,2011/2012,2.42,38.0,0.11,38.0,6.0,5.0,9.0
706,10281,2011/2012,2.61,38.0,0.18,38.0,6.0,7.0,9.0
707,208931,2011/2012,2.89,38.0,0.03,38.0,16.0,12.0,20.0
708,2182,2012/2013,2.5,2.0,0.0,2.0,1.0,2.0,3.0
709,4087,2012/2013,1.82,38.0,0.03,38.0,9.0,8.0,12.0
710,6269,2012/2013,1.94,36.0,0.06,36.0,8.0,6.0,12.0
711,6391,2012/2013,2.47,38.0,0.05,38.0,12.0,15.0,18.0
712,6413,2012/2013,1.22,23.0,0.17,23.0,12.0,12.0,16.0
713,6433,2012/2013,1.13,23.0,0.0,23.0,9.0,7.0,13.0
714,6631,2012/2013,1.13,23.0,0.13,23.0,12.0,9.0,15.0
715,7788,2012/2013,1.39,23.0,0.04,23.0,9.0,10.0,15.0
716,7794,2012/2013,1.68,38.0,0.11,38.0,10.0,7.0,13.0
717,7819,2012/2013,1.13,38.0,0.13,38.0,16.0,17.0,20.0
718,7869,2012/2013,2.66,38.0,0.11,38.0,9.0,8.0,12.0
719,7878,2012/2013,2.92,38.0,0.16,38.0,12.0,6.0,12.0
720,7943,2012/2013,2.61,38.0,0.08,38.0,8.0,6.0,9.0
721,8021,2012/2013,3.0,2.0,0.0,2.0,2.0,0.0,2.0
722,8121,2012/2013,1.84,38.0,0.16,38.0,14.0,9.0,17.0
723,8152,2012/2013,1.68,34.0,0.09,34.0,8.0,5.0,10.0
724,8165,2012/2013,2.15,34.0,0.03,34.0,3.0,2.0,4.0
725,8177,2012/2013,2.0,34.0,0.12,34.0,6.0,6.0,10.0
726,8178,2012/2013,1.41,34.0,0.09,34.0,10.0,12.0,14.0
727,8191,2012/2013,1.45,38.0,0.03,38.0,15.0,14.0,18.0
728,8197,2012/2013,1.32,38.0,0.08,38.0,14.0,12.0,17.0
729,8226,2012/2013,2.06,34.0,0.06,34.0,3.0,2.0,5.0
730,8234,2012/2013,2.35,34.0,0.03,34.0,10.0,10.0,14.0
731,8245,2012/2013,2.0,1.0,0.0,1.0,1.0,2.0,3.0
732,8262,2012/2013,2.56,34.0,0.0,34.0,10.0,11.0,14.0
733,8277,2012/2013,1.74,23.0,0.04,23.0,12.0,11.0,14.0
734,8295,2012/2013,2.0,34.0,0.0,34.0,2.0,2.0,4.0
735,8302,2012/2013,2.92,38.0,0.08,38.0,12.0,11.0,17.0
736,8305,2012/2013,3.21,38.0,0.11,38.0,6.0,7.0,9.0
737,8306,2012/2013,2.55,38.0,0.05,38.0,12.0,14.0,17.0
738,8315,2012/2013,2.87,38.0,0.05,38.0,13.0,10.0,15.0
739,8344,2012/2013,1.29,38.0,0.03,38.0,12.0,12.0,17.0
740,8350,2012/2013,2.09,34.0,0.09,34.0,8.0,7.0,11.0
741,8358,2012/2013,1.68,34.0,0.03,34.0,7.0,5.0,11.0
742,8370,2012/2013,3.24,38.0,0.08,38.0,10.0,12.0,15.0
743,8371,2012/2013,2.71,38.0,0.05,38.0,9.0,7.0,13.0
744,8372,2012/2013,2.82,38.0,0.05,38.0,11.0,10.0,13.0
745,8388,2012/2013,2.58,38.0,0.08,38.0,3.0,1.0,3.0
746,8394,2012/2013,3.11,38.0,0.11,38.0,9.0,8.0,13.0
747,8406,2012/2013,1.91,34.0,0.06,34.0,5.0,5.0,9.0
748,8455,2012/2013,1.39,38.0,0.03,38.0,16.0,14.0,17.0
749,8456,2012/2013,1.66,38.0,0.08,38.0,15.0,11.0,16.0
750,8460,2012/2013,1.53,34.0,0.06,34.0,14.0,14.0,17.0
751,8462,2012/2013,1.79,38.0,0.03,38.0,15.0,13.0,17.0
752,8464,2012/2013,1.41,34.0,0.06,34.0,11.0,8.0,12.0
753,8466,2012/2013,1.13,38.0,0.05,38.0,12.0,9.0,12.0
754,8472,2012/2013,1.63,38.0,0.05,38.0,13.0,9.0,14.0
755,8479,2012/2013,2.42,38.0,0.0,38.0,6.0,3.0,7.0
756,8483,2012/2013,1.24,38.0,0.05,38.0,14.0,12.0,16.0
757,8524,2012/2013,2.57,35.0,0.06,35.0,6.0,7.0,10.0
758,8525,2012/2013,1.48,23.0,0.0,23.0,10.0,11.0,12.0
759,8526,2012/2013,1.79,34.0,0.06,34.0,17.0,11.0,18.0
760,8528,2012/2013,1.74,38.0,0.05,38.0,15.0,12.0,16.0
761,8529,2012/2013,2.17,36.0,0.0,36.0,12.0,5.0,14.0
762,8530,2012/2013,2.09,34.0,0.03,34.0,9.0,5.0,10.0
763,8533,2012/2013,2.08,37.0,0.0,37.0,6.0,9.0,10.0
764,8534,2012/2013,1.61,38.0,0.0,38.0,13.0,12.0,17.0
765,8535,2012/2013,2.32,34.0,0.06,34.0,8.0,7.0,13.0
766,8537,2012/2013,2.21,38.0,0.13,38.0,3.0,3.0,6.0
767,8540,2012/2013,2.16,38.0,0.08,38.0,9.0,6.0,11.0
768,8543,2012/2013,2.03,36.0,0.11,36.0,15.0,12.0,17.0
769,8548,2012/2013,0.5,2.0,0.5,2.0,6.0,4.0,9.0
770,8549,2012/2013,1.45,38.0,0.05,38.0,12.0,9.0,15.0
771,8550,2012/2013,1.95,38.0,0.03,38.0,14.0,8.0,14.0
772,8551,2012/2013,2.36,36.0,0.0,36.0,5.0,7.0,9.0
773,8558,2012/2013,3.37,38.0,0.08,38.0,12.0,7.0,13.0
774,8559,2012/2013,1.26,38.0,0.11,38.0,15.0,11.0,18.0
775,8560,2012/2013,2.08,38.0,0.08,38.0,9.0,8.0,12.0
776,8564,2012/2013,2.05,37.0,0.05,37.0,15.0,10.0,16.0
777,8576,2012/2013,1.89,38.0,0.05,38.0,11.0,8.0,13.0
778,8581,2012/2013,3.03,38.0,0.03,38.0,7.0,10.0,13.0
779,8586,2012/2013,1.42,38.0,0.05,38.0,13.0,15.0,19.0
780,8588,2012/2013,1.92,38.0,0.05,38.0,9.0,13.0,15.0
781,8592,2012/2013,1.67,27.0,0.11,27.0,1.0,1.0,2.0
782,8593,2012/2013,1.75,4.0,0.25,4.0,6.0,4.0,8.0
783,8600,2012/2013,2.22,36.0,0.03,36.0,11.0,11.0,15.0
784,8602,2012/2013,1.68,38.0,0.08,38.0,11.0,12.0,14.0
785,8603,2012/2013,2.79,38.0,0.11,38.0,10.0,8.0,12.0
786,8611,2012/2013,3.0,1.0,0.0,1.0,2.0,0.0,2.0
787,8633,2012/2013,2.45,38.0,0.03,38.0,14.0,14.0,17.0
788,8634,2012/2013,2.08,38.0,0.03,38.0,17.0,14.0,18.0
789,8636,2012/2013,1.65,37.0,0.05,37.0,16.0,15.0,19.0
790,8639,2012/2013,1.53,38.0,0.08,38.0,5.0,8.0,10.0
791,8640,2012/2013,2.0,5.0,0.0,5.0,5.0,1.0,5.0
792,8650,2012/2013,1.42,38.0,0.05,38.0,15.0,14.0,19.0
793,8654,2012/2013,1.92,38.0,0.03,38.0,15.0,14.0,19.0
794,8655,2012/2013,1.76,38.0,0.08,38.0,13.0,16.0,18.0
795,8658,2012/2013,1.53,38.0,0.05,38.0,13.0,13.0,18.0
796,8659,2012/2013,1.63,38.0,0.11,38.0,12.0,16.0,16.0
797,8661,2012/2013,3.11,38.0,0.11,38.0,6.0,7.0,9.0
798,8667,2012/2013,1.55,38.0,0.05,38.0,20.0,10.0,20.0
799,8668,2012/2013,1.61,38.0,0.05,38.0,10.0,15.0,15.0
800,8673,2012/2013,3.5,2.0,0.0,2.0,4.0,3.0,6.0
801,8674,2012/2013,1.39,23.0,0.04,23.0,12.0,10.0,14.0
802,8678,2012/2013,1.39,38.0,0.03,38.0,14.0,10.0,17.0
803,8686,2012/2013,1.97,37.0,0.22,37.0,12.0,12.0,17.0
804,8689,2012/2013,1.29,38.0,0.13,38.0,10.0,9.0,13.0
805,8696,2012/2013,3.0,38.0,0.13,38.0,7.0,5.0,10.0
806,8697,2012/2013,1.88,34.0,0.12,34.0,9.0,10.0,15.0
807,8721,2012/2013,1.85,34.0,0.06,34.0,10.0,9.0,15.0
808,8722,2012/2013,2.0,34.0,0.15,34.0,7.0,9.0,12.0
809,9747,2012/2013,1.79,38.0,0.05,38.0,6.0,6.0,8.0
810,9748,2012/2013,1.5,38.0,0.08,38.0,10.0,10.0,13.0
811,9761,2012/2013,1.57,23.0,0.09,23.0,7.0,11.0,13.0
812,9776,2012/2013,1.85,34.0,0.0,34.0,7.0,10.0,11.0
813,9783,2012/2013,2.34,38.0,0.03,38.0,5.0,4.0,7.0
814,9788,2012/2013,1.44,34.0,0.0,34.0,9.0,6.0,10.0
815,9789,2012/2013,1.03,34.0,0.03,34.0,15.0,14.0,17.0
816,9790,2012/2013,1.79,34.0,0.06,34.0,12.0,8.0,16.0
817,9791,2012/2013,1.35,23.0,0.0,23.0,11.0,8.0,12.0
818,9798,2012/2013,1.18,38.0,0.03,38.0,12.0,15.0,20.0
819,9803,2012/2013,1.76,34.0,0.06,34.0,13.0,18.0,20.0
820,9804,2012/2013,2.39,38.0,0.16,38.0,10.0,6.0,13.0
821,9810,2012/2013,2.15,34.0,0.06,34.0,5.0,6.0,9.0
822,9817,2012/2013,1.97,38.0,0.05,38.0,9.0,9.0,15.0
823,9823,2012/2013,1.24,34.0,0.06,34.0,11.0,12.0,15.0
824,9825,2012/2013,1.16,38.0,0.08,38.0,12.0,13.0,14.0
825,9826,2012/2013,1.55,38.0,0.05,38.0,13.0,14.0,18.0
826,9827,2012/2013,1.42,38.0,0.11,38.0,7.0,7.0,12.0
827,9829,2012/2013,1.71,38.0,0.0,38.0,11.0,10.0,13.0
828,9830,2012/2013,1.47,38.0,0.03,38.0,7.0,6.0,10.0
829,9831,2012/2013,1.55,38.0,0.08,38.0,4.0,3.0,7.0
830,9837,2012/2013,1.5,38.0,0.05,38.0,10.0,7.0,12.0
831,9847,2012/2013,2.22,27.0,0.07,27.0,1.0,1.0,2.0
832,9850,2012/2013,1.58,38.0,0.03,38.0,17.0,14.0,21.0
833,9851,2012/2013,1.32,38.0,0.08,38.0,8.0,8.0,10.0
834,9853,2012/2013,1.82,38.0,0.03,38.0,11.0,9.0,14.0
835,9857,2012/2013,2.54,35.0,0.11,35.0,6.0,6.0,9.0
836,9858,2012/2013,2.53,38.0,0.0,38.0,5.0,6.0,8.0
837,9864,2012/2013,1.95,38.0,0.11,38.0,12.0,8.0,17.0
838,9865,2012/2013,2.58,38.0,0.05,38.0,7.0,5.0,10.0
839,9867,2012/2013,2.29,38.0,0.05,38.0,6.0,6.0,9.0
840,9868,2012/2013,2.58,38.0,0.13,38.0,4.0,5.0,8.0
841,9869,2012/2013,3.11,38.0,0.0,38.0,13.0,9.0,16.0
842,9873,2012/2013,1.67,27.0,0.07,27.0,1.0,0.0,1.0
843,9874,2012/2013,1.92,38.0,0.08,38.0,8.0,7.0,11.0
844,9875,2012/2013,2.17,36.0,0.08,36.0,14.0,13.0,16.0
845,9876,2012/2013,1.82,38.0,0.05,38.0,10.0,10.0,13.0
846,9879,2012/2013,1.29,38.0,0.08,38.0,11.0,11.0,15.0
847,9880,2012/2013,2.5,34.0,0.09,34.0,5.0,4.0,7.0
848,9882,2012/2013,2.05,38.0,0.03,38.0,12.0,9.0,15.0
849,9885,2012/2013,1.66,35.0,0.06,35.0,18.0,14.0,19.0
850,9888,2012/2013,2.77,35.0,0.09,35.0,10.0,4.0,11.0
851,9891,2012/2013,2.92,38.0,0.05,38.0,11.0,12.0,17.0
852,9904,2012/2013,1.91,34.0,0.06,34.0,9.0,9.0,12.0
853,9905,2012/2013,1.47,34.0,0.03,34.0,12.0,11.0,19.0
854,9906,2012/2013,3.34,38.0,0.05,38.0,10.0,11.0,14.0
855,9908,2012/2013,1.7,23.0,0.04,23.0,16.0,14.0,18.0
856,9910,2012/2013,2.21,38.0,0.03,38.0,8.0,8.0,11.0
857,9911,2012/2013,2.09,34.0,0.06,34.0,5.0,3.0,8.0
858,9912,2012/2013,2.03,34.0,0.03,34.0,5.0,5.0,8.0
859,9925,2012/2013,1.0,2.0,1.0,2.0,4.0,3.0,6.0
860,9941,2012/2013,2.08,38.0,0.05,38.0,7.0,9.0,11.0
861,9976,2012/2013,2.0,38.0,0.08,38.0,7.0,7.0,12.0
862,10003,2012/2013,1.55,38.0,0.03,38.0,12.0,12.0,14.0
863,10167,2012/2013,2.08,36.0,0.03,36.0,6.0,4.0,8.0
864,10172,2012/2013,1.58,38.0,0.05,38.0,16.0,12.0,21.0
865,10189,2012/2013,1.82,34.0,0.03,34.0,13.0,11.0,15.0
866,10194,2012/2013,2.11,38.0,0.03,38.0,13.0,10.0,16.0
867,10205,2012/2013,2.5,38.0,0.03,38.0,9.0,12.0,16.0
868,10217,2012/2013,1.91,23.0,0.04,23.0,11.0,11.0,16.0
869,10218,2012/2013,1.09,23.0,0.04,23.0,9.0,9.0,11.0
870,10228,2012/2013,1.74,23.0,0.04,23.0,9.0,11.0,15.0
871,10229,2012/2013,1.57,23.0,0.0,23.0,11.0,13.0,15.0
872,10233,2012/2013,2.39,36.0,0.25,36.0,8.0,10.0,12.0
873,10235,2012/2013,2.0,4.0,0.0,4.0,6.0,5.0,7.0
874,10242,2012/2013,1.95,38.0,0.16,38.0,14.0,12.0,18.0
875,10249,2012/2013,1.59,27.0,0.15,27.0,2.0,2.0,4.0
876,10252,2012/2013,1.95,38.0,0.03,38.0,10.0,12.0,17.0
877,10260,2012/2013,1.5,38.0,0.03,38.0,19.0,18.0,21.0
878,10261,2012/2013,1.92,38.0,0.05,38.0,12.0,15.0,20.0
879,10267,2012/2013,3.29,38.0,0.13,38.0,11.0,14.0,15.0
880,10268,2012/2013,3.03,38.0,0.05,38.0,5.0,6.0,9.0
881,10269,2012/2013,1.76,34.0,0.03,34.0,8.0,9.0,12.0
882,10278,2012/2013,2.42,38.0,0.11,38.0,6.0,5.0,9.0
883,10281,2012/2013,2.61,38.0,0.18,38.0,6.0,7.0,9.0
884,208931,2012/2013,2.89,38.0,0.03,38.0,16.0,12.0,20.0
885,2182,2013/2014,2.5,2.0,0.0,2.0,1.0,2.0,3.0
886,4087,2013/2014,1.82,38.0,0.03,38.0,9.0,8.0,12.0
887,6269,2013/2014,1.94,36.0,0.06,36.0,8.0,6.0,12.0
888,6391,2013/2014,2.47,38.0,0.05,38.0,12.0,15.0,18.0
889,6413,2013/2014,1.22,23.0,0.17,23.0,12.0,12.0,16.0
890,6433,2013/2014,1.13,23.0,0.0,23.0,9.0,7.0,13.0
891,6631,2013/2014,1.13,23.0,0.13,23.0,12.0,9.0,15.0
892,7788,2013/2014,1.39,23.0,0.04,23.0,9.0,10.0,15.0
893,7794,2013/2014,1.68,38.0,0.11,38.0,10.0,7.0,13.0
894,7819,2013/2014,1.13,38.0,0.13,38.0,16.0,17.0,20.0
895,7869,2013/2014,2.66,38.0,0.11,38.0,9.0,8.0,12.0
896,7878,2013/2014,2.71,38.0,0.08,38.0,7.0,5.0,10.0
897,7943,2013/2014,2.61,38.0,0.08,38.0,8.0,6.0,9.0
898,8021,2013/2014,3.0,2.0,0.0,2.0,2.0,0.0,2.0
899,8121,2013/2014,1.84,38.0,0.16,38.0,14.0,9.0,17.0
900,8152,2013/2014,1.68,34.0,0.09,34.0,8.0,5.0,10.0
901,8165,2013/2014,2.15,34.0,0.09,34.0,8.0,7.0,10.0
902,8177,2013/2014,1.68,34.0,0.0,34.0,6.0,7.0,10.0
903,8178,2013/2014,2.06,34.0,0.03,34.0,13.0,15.0,15.0
904,8191,2013/2014,1.45,38.0,0.03,38.0,15.0,14.0,18.0
905,8197,2013/2014,1.32,38.0,0.08,38.0,14.0,12.0,17.0
906,8226,2013/2014,1.85,34.0,0.06,34.0,9.0,11.0,13.0
907,8234,2013/2014,2.35,34.0,0.03,34.0,10.0,10.0,14.0
908,8245,2013/2014,2.0,1.0,0.0,1.0,1.0,2.0,3.0
909,8262,2013/2014,2.56,34.0,0.0,34.0,10.0,11.0,14.0
910,8277,2013/2014,1.74,23.0,0.04,23.0,12.0,11.0,14.0
911,8295,2013/2014,2.0,34.0,0.0,34.0,2.0,2.0,4.0
912,8302,2013/2014,3.05,38.0,0.08,38.0,12.0,11.0,16.0
913,8305,2013/2014,3.24,38.0,0.03,38.0,6.0,9.0,13.0
914,8306,2013/2014,2.55,38.0,0.05,38.0,12.0,14.0,17.0
915,8315,2013/2014,2.08,38.0,0.03,38.0,9.0,8.0,12.0
916,8344,2013/2014,1.29,38.0,0.03,38.0,12.0,12.0,17.0
917,8350,2013/2014,2.09,34.0,0.09,34.0,8.0,7.0,11.0
918,8358,2013/2014,1.79,34.0,0.06,34.0,10.0,6.0,11.0
919,8370,2013/2014,2.63,38.0,0.16,38.0,9.0,8.0,12.0
920,8371,2013/2014,2.29,38.0,0.13,38.0,6.0,6.0,9.0
921,8372,2013/2014,2.82,38.0,0.05,38.0,11.0,10.0,13.0
922,8388,2013/2014,2.58,38.0,0.08,38.0,3.0,1.0,3.0
923,8394,2013/2014,3.11,38.0,0.11,38.0,9.0,8.0,13.0
924,8406,2013/2014,1.76,34.0,0.03,34.0,10.0,8.0,13.0
925,8455,2013/2014,1.55,38.0,0.03,38.0,15.0,19.0,20.0
926,8456,2013/2014,1.89,38.0,0.03,38.0,15.0,14.0,15.0
927,8460,2013/2014,1.53,34.0,0.06,34.0,14.0,14.0,17.0
928,8462,2013/2014,1.79,38.0,0.03,38.0,15.0,13.0,17.0
929,8464,2013/2014,1.41,34.0,0.06,34.0,11.0,8.0,12.0
930,8466,2013/2014,1.61,38.0,0.0,38.0,12.0,13.0,18.0
931,8472,2013/2014,1.82,38.0,0.16,38.0,13.0,12.0,16.0
932,8479,2013/2014,2.42,38.0,0.0,38.0,6.0,3.0,7.0
933,8483,2013/2014,1.24,38.0,0.05,38.0,14.0,12.0,16.0
934,8524,2013/2014,2.26,38.0,0.05,38.0,12.0,8.0,13.0
935,8525,2013/2014,1.48,23.0,0.0,23.0,10.0,11.0,12.0
936,8526,2013/2014,1.79,34.0,0.06,34.0,17.0,11.0,18.0
937,8528,2013/2014,1.74,38.0,0.05,38.0,15.0,12.0,16.0
938,8529,2013/2014,2.71,38.0,0.11,38.0,6.0,4.0,9.0
939,8530,2013/2014,2.53,38.0,0.05,38.0,9.0,9.0,12.0
940,8533,2013/2014,2.71,38.0,0.03,38.0,5.0,9.0,10.0
941,8534,2013/2014,1.61,38.0,0.0,38.0,13.0,12.0,17.0
942,8535,2013/2014,2.26,38.0,0.05,38.0,12.0,9.0,14.0
943,8537,2013/2014,2.82,38.0,0.05,38.0,9.0,6.0,10.0
944,8540,2013/2014,2.16,38.0,0.08,38.0,9.0,6.0,11.0
945,8543,2013/2014,2.21,38.0,0.05,38.0,11.0,13.0,16.0
946,8548,2013/2014,0.5,2.0,0.5,2.0,6.0,4.0,9.0
947,8549,2013/2014,1.45,38.0,0.05,38.0,12.0,9.0,15.0
948,8550,2013/2014,1.95,38.0,0.03,38.0,14.0,8.0,14.0
949,8551,2013/2014,2.36,36.0,0.0,36.0,5.0,7.0,9.0
950,8558,2013/2014,2.53,38.0,0.08,38.0,8.0,6.0,10.0
951,8559,2013/2014,1.26,38.0,0.11,38.0,15.0,11.0,18.0
952,8560,2013/2014,2.0,38.0,0.03,38.0,9.0,9.0,12.0
953,8564,2013/2014,2.32,38.0,0.08,38.0,10.0,10.0,12.0
954,8576,2013/2014,1.89,38.0,0.05,38.0,11.0,8.0,13.0
955,8581,2013/2014,2.89,38.0,0.18,38.0,9.0,6.0,13.0
956,8586,2013/2014,1.74,38.0,0.11,38.0,18.0,12.0,20.0
957,8588,2013/2014,1.92,38.0,0.05,38.0,9.0,13.0,15.0
958,8592,2013/2014,1.58,38.0,0.0,38.0,8.0,9.0,13.0
959,8593,2013/2014,1.75,4.0,0.25,4.0,6.0,4.0,8.0
960,8600,2013/2014,2.16,38.0,0.0,38.0,9.0,9.0,12.0
961,8602,2013/2014,1.68,38.0,0.08,38.0,11.0,12.0,14.0
962,8603,2013/2014,2.87,38.0,0.05,38.0,8.0,9.0,12.0
963,8611,2013/2014,3.0,1.0,0.0,1.0,2.0,0.0,2.0
964,8633,2013/2014,1.97,38.0,0.05,38.0,13.0,12.0,15.0
965,8634,2013/2014,1.87,38.0,0.0,38.0,11.0,11.0,16.0
966,8636,2013/2014,1.84,38.0,0.03,38.0,8.0,10.0,13.0
967,8639,2013/2014,1.53,38.0,0.08,38.0,5.0,8.0,10.0
968,8640,2013/2014,2.0,5.0,0.0,5.0,5.0,1.0,5.0
969,8650,2013/2014,1.39,38.0,0.03,38.0,14.0,15.0,18.0
970,8654,2013/2014,1.68,38.0,0.08,38.0,13.0,9.0,15.0
971,8655,2013/2014,1.76,38.0,0.08,38.0,13.0,16.0,18.0
972,8658,2013/2014,1.53,38.0,0.05,38.0,13.0,13.0,18.0
973,8659,2013/2014,1.76,38.0,0.0,38.0,17.0,12.0,19.0
974,8661,2013/2014,3.11,38.0,0.11,38.0,6.0,7.0,9.0
975,8667,2013/2014,1.42,38.0,0.08,38.0,16.0,12.0,16.0
976,8668,2013/2014,1.45,38.0,0.03,38.0,13.0,15.0,16.0
977,8673,2013/2014,3.5,2.0,0.0,2.0,4.0,3.0,6.0
978,8674,2013/2014,1.39,23.0,0.04,23.0,12.0,10.0,14.0
979,8678,2013/2014,1.39,38.0,0.03,38.0,14.0,10.0,17.0
980,8686,2013/2014,2.21,38.0,0.05,38.0,10.0,8.0,11.0
981,8689,2013/2014,1.29,38.0,0.13,38.0,10.0,9.0,13.0
982,8696,2013/2014,3.0,38.0,0.13,38.0,7.0,5.0,10.0
983,8697,2013/2014,2.18,34.0,0.03,34.0,9.0,7.0,14.0
984,8721,2013/2014,1.76,34.0,0.09,34.0,11.0,11.0,13.0
985,8722,2013/2014,2.0,34.0,0.15,34.0,7.0,9.0,12.0
986,9747,2013/2014,1.79,38.0,0.05,38.0,6.0,6.0,8.0
987,9748,2013/2014,1.5,38.0,0.08,38.0,10.0,10.0,13.0
988,9761,2013/2014,1.57,23.0,0.09,23.0,7.0,11.0,13.0
989,9776,2013/2014,1.85,34.0,0.0,34.0,7.0,10.0,11.0
990,9783,2013/2014,2.34,38.0,0.03,38.0,5.0,4.0,7.0
991,9788,2013/2014,1.56,34.0,0.0,34.0,11.0,7.0,13.0
992,9789,2013/2014,1.32,34.0,0.03,34.0,12.0,11.0,14.0
993,9790,2013/2014,1.62,34.0,0.0,34.0,6.0,9.0,12.0
994,9791,2013/2014,1.35,23.0,0.0,23.0,11.0,8.0,12.0
995,9798,2013/2014,1.18,38.0,0.03,38.0,12.0,15.0,20.0
996,9803,2013/2014,1.76,34.0,0.06,34.0,13.0,18.0,20.0
997,9804,2013/2014,2.47,38.0,0.03,38.0,7.0,11.0,14.0
998,9810,2013/2014,2.26,34.0,0.0,34.0,9.0,10.0,11.0
999,9817,2013/2014,1.97,38.0,0.05,38.0,9.0,9.0,15.0
1000,9823,2013/2014,1.32,34.0,0.06,34.0,14.0,16.0,17.0
1001,9825,2013/2014,1.39,38.0,0.08,38.0,17.0,14.0,20.0
1002,9826,2013/2014,1.55,38.0,0.05,38.0,13.0,14.0,18.0
1003,9827,2013/2014,1.42,38.0,0.11,38.0,7.0,7.0,12.0
1004,9829,2013/2014,1.71,38.0,0.0,38.0,11.0,10.0,13.0
1005,9830,2013/2014,1.47,38.0,0.03,38.0,7.0,6.0,10.0
1006,9831,2013/2014,1.55,38.0,0.08,38.0,4.0,3.0,7.0
1007,9837,2013/2014,1.5,38.0,0.05,38.0,10.0,7.0,12.0
1008,9847,2013/2014,1.61,38.0,0.03,38.0,11.0,10.0,15.0
1009,9850,2013/2014,1.66,38.0,0.03,38.0,15.0,11.0,16.0
1010,9851,2013/2014,1.32,38.0,0.08,38.0,8.0,8.0,10.0
1011,9853,2013/2014,1.82,38.0,0.03,38.0,11.0,9.0,14.0
1012,9857,2013/2014,2.63,38.0,0.05,38.0,5.0,2.0,6.0
1013,9858,2013/2014,2.53,38.0,0.0,38.0,5.0,6.0,8.0
1014,9864,2013/2014,3.18,38.0,0.08,38.0,9.0,7.0,11.0
1015,9865,2013/2014,2.63,38.0,0.03,38.0,11.0,8.0,13.0
1016,9867,2013/2014,2.29,38.0,0.05,38.0,6.0,6.0,9.0
1017,9868,2013/2014,2.58,38.0,0.13,38.0,4.0,5.0,8.0
1018,9869,2013/2014,3.11,38.0,0.0,38.0,13.0,9.0,16.0
1019,9873,2013/2014,1.61,38.0,0.03,38.0,8.0,5.0,10.0
1020,9874,2013/2014,1.92,38.0,0.08,38.0,8.0,7.0,11.0
1021,9875,2013/2014,1.97,38.0,0.03,38.0,11.0,12.0,15.0
1022,9876,2013/2014,1.82,38.0,0.05,38.0,10.0,10.0,13.0
1023,9879,2013/2014,1.53,38.0,0.03,38.0,19.0,16.0,22.0
1024,9880,2013/2014,2.5,34.0,0.09,34.0,5.0,4.0,7.0
1025,9882,2013/2014,2.74,38.0,0.08,38.0,12.0,8.0,15.0
1026,9885,2013/2014,1.84,38.0,0.03,38.0,12.0,9.0,14.0
1027,9888,2013/2014,2.77,35.0,0.09,35.0,10.0,4.0,11.0
1028,9891,2013/2014,2.92,38.0,0.05,38.0,11.0,12.0,17.0
1029,9904,2013/2014,2.15,34.0,0.12,34.0,9.0,10.0,11.0
1030,9905,2013/2014,1.53,34.0,0.12,34.0,11.0,9.0,14.0
1031,9906,2013/2014,2.53,38.0,0.05,38.0,10.0,11.0,15.0
1032,9908,2013/2014,1.7,23.0,0.04,23.0,16.0,14.0,18.0
1033,9910,2013/2014,2.21,38.0,0.03,38.0,8.0,8.0,11.0
1034,9911,2013/2014,2.09,34.0,0.06,34.0,5.0,3.0,8.0
1035,9912,2013/2014,2.03,34.0,0.03,34.0,5.0,5.0,8.0
1036,9925,2013/2014,1.0,2.0,1.0,2.0,4.0,3.0,6.0
1037,9941,2013/2014,2.08,38.0,0.05,38.0,7.0,9.0,11.0
1038,9976,2013/2014,2.0,38.0,0.08,38.0,7.0,7.0,12.0
1039,10003,2013/2014,1.5,38.0,0.05,38.0,12.0,15.0,17.0
1040,10167,2013/2014,2.61,38.0,0.18,38.0,8.0,9.0,10.0
1041,10172,2013/2014,1.58,38.0,0.05,38.0,16.0,12.0,21.0
1042,10189,2013/2014,1.62,34.0,0.06,34.0,11.0,11.0,13.0
1043,10194,2013/2014,1.97,38.0,0.05,38.0,12.0,11.0,14.0
1044,10205,2013/2014,1.95,38.0,0.03,38.0,13.0,11.0,18.0
1045,10217,2013/2014,1.91,23.0,0.04,23.0,11.0,11.0,16.0
1046,10218,2013/2014,1.09,23.0,0.04,23.0,9.0,9.0,11.0
1047,10228,2013/2014,1.74,23.0,0.04,23.0,9.0,11.0,15.0
1048,10229,2013/2014,1.57,23.0,0.0,23.0,11.0,13.0,15.0
1049,10233,2013/2014,2.55,38.0,0.05,38.0,9.0,7.0,12.0
1050,10235,2013/2014,2.0,4.0,0.0,4.0,6.0,5.0,7.0
1051,10242,2013/2014,1.95,38.0,0.16,38.0,14.0,12.0,18.0
1052,10249,2013/2014,1.68,38.0,0.24,38.0,13.0,9.0,16.0
1053,10252,2013/2014,2.05,38.0,0.0,38.0,11.0,12.0,15.0
1054,10260,2013/2014,1.79,38.0,0.03,38.0,14.0,14.0,18.0
1055,10261,2013/2014,1.39,38.0,0.13,38.0,11.0,10.0,13.0
1056,10267,2013/2014,2.55,38.0,0.0,38.0,9.0,8.0,12.0
1057,10268,2013/2014,3.03,38.0,0.05,38.0,5.0,6.0,9.0
1058,10269,2013/2014,1.79,34.0,0.12,34.0,10.0,9.0,14.0
1059,10278,2013/2014,2.42,38.0,0.11,38.0,6.0,5.0,9.0
1060,10281,2013/2014,2.68,38.0,0.03,38.0,6.0,8.0,12.0
1061,208931,2013/2014,2.89,38.0,0.03,38.0,16.0,12.0,20.0
1062,2182,2014/2015,2.5,2.0,0.0,2.0,1.0,2.0,3.0
1063,4087,2014/2015,1.84,38.0,0.08,38.0,17.0,11.0,18.0
1064,6269,2014/2015,1.94,36.0,0.06,36.0,8.0,6.0,12.0
1065,6391,2014/2015,2.47,38.0,0.05,38.0,12.0,15.0,18.0
1066,6413,2014/2015,1.22,23.0,0.17,23.0,12.0,12.0,16.0
1067,6433,2014/2015,1.13,23.0,0.0,23.0,9.0,7.0,13.0
1068,6631,2014/2015,1.13,23.0,0.13,23.0,12.0,9.0,15.0
1069,7788,2014/2015,1.39,23.0,0.04,23.0,9.0,10.0,15.0
1070,7794,2014/2015,2.08,38.0,0.08,38.0,14.0,10.0,16.0
1071,7819,2014/2015,1.13,38.0,0.13,38.0,16.0,17.0,20.0
1072,7869,2014/2015,2.66,38.0,0.11,38.0,9.0,8.0,12.0
1073,7878,2014/2015,2.97,38.0,0.08,38.0,10.0,12.0,16.0
1074,7943,2014/2015,2.79,38.0,0.08,38.0,10.0,11.0,14.0
1075,8021,2014/2015,3.0,2.0,0.0,2.0,2.0,0.0,2.0
1076,8121,2014/2015,1.84,38.0,0.16,38.0,14.0,9.0,17.0
1077,8152,2014/2015,1.68,34.0,0.09,34.0,8.0,5.0,10.0
1078,8165,2014/2015,2.15,34.0,0.09,34.0,8.0,7.0,10.0
1079,8177,2014/2015,2.21,34.0,0.03,34.0,14.0,10.0,18.0
1080,8178,2014/2015,2.29,34.0,0.06,34.0,14.0,15.0,18.0
1081,8191,2014/2015,1.71,38.0,0.03,38.0,7.0,10.0,11.0
1082,8197,2014/2015,1.32,38.0,0.08,38.0,14.0,12.0,17.0
1083,8226,2014/2015,1.97,34.0,0.03,34.0,14.0,11.0,17.0
1084,8234,2014/2015,2.35,34.0,0.03,34.0,10.0,10.0,14.0
1085,8245,2014/2015,2.0,1.0,0.0,1.0,1.0,2.0,3.0
1086,8262,2014/2015,2.56,34.0,0.0,34.0,10.0,11.0,14.0
1087,8277,2014/2015,1.74,23.0,0.04,23.0,12.0,11.0,14.0
1088,8295,2014/2015,2.0,34.0,0.0,34.0,2.0,2.0,4.0
1089,8302,2014/2015,3.08,38.0,0.03,38.0,17.0,15.0,19.0
1090,8305,2014/2015,2.55,38.0,0.08,38.0,15.0,12.0,16.0
1091,8306,2014/2015,2.55,38.0,0.05,38.0,12.0,14.0,17.0
1092,8315,2014/2015,2.61,38.0,0.03,38.0,16.0,11.0,17.0
1093,8344,2014/2015,1.29,38.0,0.03,38.0,12.0,12.0,17.0
1094,8350,2014/2015,2.09,34.0,0.09,34.0,8.0,7.0,11.0
1095,8358,2014/2015,1.88,34.0,0.09,34.0,12.0,10.0,14.0
1096,8370,2014/2015,2.87,38.0,0.05,38.0,12.0,13.0,17.0
1097,8371,2014/2015,2.29,38.0,0.13,38.0,6.0,6.0,9.0
1098,8372,2014/2015,2.82,38.0,0.05,38.0,11.0,10.0,13.0
1099,8388,2014/2015,2.58,38.0,0.08,38.0,3.0,1.0,3.0
1100,8394,2014/2015,3.11,38.0,0.11,38.0,9.0,8.0,13.0
1101,8406,2014/2015,1.82,34.0,0.06,34.0,15.0,13.0,18.0
1102,8455,2014/2015,1.95,38.0,0.08,38.0,13.0,12.0,15.0
1103,8456,2014/2015,2.08,38.0,0.0,38.0,16.0,16.0,17.0
1104,8460,2014/2015,1.53,34.0,0.06,34.0,14.0,14.0,17.0
1105,8462,2014/2015,1.79,38.0,0.03,38.0,15.0,13.0,17.0
1106,8464,2014/2015,1.41,34.0,0.06,34.0,11.0,8.0,12.0
1107,8466,2014/2015,1.53,38.0,0.05,38.0,13.0,11.0,15.0
1108,8472,2014/2015,2.47,38.0,0.03,38.0,14.0,9.0,16.0
1109,8479,2014/2015,2.42,38.0,0.0,38.0,6.0,3.0,7.0
1110,8483,2014/2015,1.24,38.0,0.05,38.0,14.0,12.0,16.0
1111,8524,2014/2015,2.84,38.0,0.11,38.0,12.0,11.0,18.0
1112,8525,2014/2015,1.48,23.0,0.0,23.0,10.0,11.0,12.0
1113,8526,2014/2015,1.79,34.0,0.06,34.0,17.0,11.0,18.0
1114,8528,2014/2015,1.74,38.0,0.05,38.0,15.0,12.0,16.0
1115,8529,2014/2015,2.95,38.0,0.08,38.0,14.0,15.0,17.0
1116,8530,2014/2015,2.53,38.0,0.05,38.0,9.0,9.0,12.0
1117,8533,2014/2015,2.21,38.0,0.03,38.0,8.0,12.0,14.0
1118,8534,2014/2015,1.61,38.0,0.0,38.0,13.0,12.0,17.0
1119,8535,2014/2015,2.18,38.0,0.0,38.0,21.0,18.0,22.0
1120,8537,2014/2015,2.82,38.0,0.05,38.0,9.0,6.0,10.0
1121,8540,2014/2015,2.29,38.0,0.03,38.0,14.0,11.0,15.0
1122,8543,2014/2015,2.81,37.0,0.11,37.0,13.0,15.0,18.0
1123,8548,2014/2015,0.5,2.0,0.5,2.0,6.0,4.0,9.0
1124,8549,2014/2015,1.45,38.0,0.05,38.0,12.0,9.0,15.0
1125,8550,2014/2015,1.95,38.0,0.03,38.0,14.0,8.0,14.0
1126,8551,2014/2015,2.36,36.0,0.0,36.0,5.0,7.0,9.0
1127,8558,2014/2015,3.18,38.0,0.05,38.0,11.0,10.0,14.0
1128,8559,2014/2015,1.26,38.0,0.11,38.0,15.0,11.0,18.0
1129,8560,2014/2015,2.34,38.0,0.03,38.0,14.0,13.0,18.0
1130,8564,2014/2015,2.32,38.0,0.16,38.0,19.0,13.0,22.0
1131,8576,2014/2015,1.89,38.0,0.05,38.0,11.0,8.0,13.0
1132,8581,2014/2015,2.82,38.0,0.08,38.0,9.0,12.0,16.0
1133,8586,2014/2015,2.11,38.0,0.08,38.0,11.0,15.0,15.0
1134,8588,2014/2015,1.92,38.0,0.05,38.0,9.0,13.0,15.0
1135,8592,2014/2015,1.74,38.0,0.11,38.0,16.0,11.0,18.0
1136,8593,2014/2015,1.09,23.0,0.04,23.0,14.0,11.0,17.0
1137,8600,2014/2015,2.5,38.0,0.05,38.0,14.0,10.0,17.0
1138,8602,2014/2015,1.68,38.0,0.08,38.0,11.0,12.0,14.0
1139,8603,2014/2015,2.87,38.0,0.05,38.0,8.0,9.0,12.0
1140,8611,2014/2015,1.26,23.0,0.04,23.0,11.0,6.0,13.0
1141,8633,2014/2015,2.26,38.0,0.05,38.0,14.0,14.0,15.0
1142,8634,2014/2015,1.79,38.0,0.05,38.0,13.0,15.0,17.0
1143,8636,2014/2015,2.58,38.0,0.05,38.0,13.0,13.0,17.0
1144,8639,2014/2015,1.66,38.0,0.11,38.0,14.0,12.0,16.0
1145,8640,2014/2015,0.83,23.0,0.04,23.0,11.0,10.0,14.0
1146,8650,2014/2015,1.79,38.0,0.03,38.0,15.0,9.0,15.0
1147,8654,2014/2015,1.74,38.0,0.03,38.0,14.0,13.0,16.0
1148,8655,2014/2015,1.76,38.0,0.08,38.0,13.0,16.0,18.0
1149,8658,2014/2015,1.53,38.0,0.05,38.0,13.0,13.0,18.0
1150,8659,2014/2015,1.68,38.0,0.08,38.0,14.0,12.0,17.0
1151,8661,2014/2015,3.11,38.0,0.11,38.0,6.0,7.0,9.0
1152,8667,2014/2015,1.95,38.0,0.13,38.0,12.0,13.0,18.0
1153,8668,2014/2015,1.79,38.0,0.0,38.0,14.0,13.0,17.0
1154,8673,2014/2015,3.5,2.0,0.0,2.0,4.0,3.0,6.0
1155,8674,2014/2015,1.39,23.0,0.04,23.0,12.0,10.0,14.0
1156,8678,2014/2015,1.39,38.0,0.03,38.0,14.0,10.0,17.0
1157,8686,2014/2015,2.79,38.0,0.08,38.0,17.0,16.0,22.0
1158,8689,2014/2015,1.45,38.0,0.03,38.0,14.0,16.0,19.0
1159,8696,2014/2015,3.0,38.0,0.13,38.0,7.0,5.0,10.0
1160,8697,2014/2015,2.03,34.0,0.0,34.0,16.0,14.0,21.0
1161,8721,2014/2015,1.32,34.0,0.0,34.0,17.0,12.0,19.0
1162,8722,2014/2015,1.41,34.0,0.06,34.0,13.0,11.0,17.0
1163,9747,2014/2015,1.58,38.0,0.16,38.0,10.0,12.0,13.0
1164,9748,2014/2015,1.68,38.0,0.03,38.0,13.0,17.0,19.0
1165,9761,2014/2015,1.57,23.0,0.09,23.0,7.0,11.0,13.0
1166,9776,2014/2015,1.85,34.0,0.0,34.0,7.0,10.0,11.0
1167,9783,2014/2015,2.87,38.0,0.03,38.0,15.0,11.0,17.0
1168,9788,2014/2015,1.62,34.0,0.03,34.0,14.0,13.0,16.0
1169,9789,2014/2015,1.59,34.0,0.0,34.0,13.0,15.0,19.0
1170,9790,2014/2015,2.47,34.0,0.06,34.0,9.0,7.0,13.0
1171,9791,2014/2015,1.35,23.0,0.0,23.0,11.0,8.0,12.0
1172,9798,2014/2015,1.18,38.0,0.03,38.0,12.0,15.0,20.0
1173,9803,2014/2015,1.76,34.0,0.06,34.0,13.0,18.0,20.0
1174,9804,2014/2015,2.55,38.0,0.05,38.0,13.0,13.0,16.0
1175,9810,2014/2015,2.56,34.0,0.03,34.0,12.0,12.0,17.0
1176,9817,2014/2015,1.97,38.0,0.05,38.0,9.0,9.0,15.0
1177,9823,2014/2015,1.09,34.0,0.06,34.0,14.0,14.0,16.0
1178,9825,2014/2015,1.82,38.0,0.03,38.0,16.0,17.0,20.0
1179,9826,2014/2015,1.74,38.0,0.0,38.0,13.0,9.0,14.0
1180,9827,2014/2015,1.68,38.0,0.08,38.0,16.0,13.0,19.0
1181,9829,2014/2015,1.58,38.0,0.08,38.0,16.0,13.0,20.0
1182,9830,2014/2015,1.89,38.0,0.05,38.0,11.0,9.0,13.0
1183,9831,2014/2015,2.29,38.0,0.11,38.0,16.0,11.0,17.0
1184,9837,2014/2015,2.03,38.0,0.08,38.0,15.0,12.0,19.0
1185,9847,2014/2015,1.68,38.0,0.05,38.0,17.0,15.0,20.0
1186,9850,2014/2015,1.66,38.0,0.03,38.0,15.0,11.0,16.0
1187,9851,2014/2015,1.47,38.0,0.03,38.0,11.0,12.0,17.0
1188,9853,2014/2015,1.79,38.0,0.0,38.0,16.0,12.0,20.0
1189,9857,2014/2015,2.63,38.0,0.05,38.0,5.0,2.0,6.0
1190,9858,2014/2015,2.53,38.0,0.0,38.0,5.0,6.0,8.0
1191,9864,2014/2015,2.87,38.0,0.13,38.0,12.0,14.0,17.0
1192,9865,2014/2015,3.05,38.0,0.05,38.0,11.0,13.0,17.0
1193,9867,2014/2015,2.29,38.0,0.05,38.0,6.0,6.0,9.0
1194,9868,2014/2015,2.58,38.0,0.13,38.0,4.0,5.0,8.0
1195,9869,2014/2015,3.11,38.0,0.0,38.0,13.0,9.0,16.0
1196,9873,2014/2015,1.61,38.0,0.03,38.0,8.0,5.0,10.0
1197,9874,2014/2015,1.92,38.0,0.08,38.0,8.0,7.0,11.0
1198,9875,2014/2015,2.16,37.0,0.05,37.0,13.0,17.0,19.0
1199,9876,2014/2015,2.63,38.0,0.11,38.0,14.0,19.0,20.0
1200,9879,2014/2015,1.53,38.0,0.03,38.0,19.0,16.0,22.0
1201,9880,2014/2015,2.79,38.0,0.05,38.0,12.0,12.0,17.0
1202,9882,2014/2015,2.61,38.0,0.0,38.0,15.0,14.0,17.0
1203,9885,2014/2015,1.97,38.0,0.08,38.0,14.0,13.0,17.0
1204,9888,2014/2015,2.77,35.0,0.09,35.0,10.0,4.0,11.0
1205,9891,2014/2015,2.92,38.0,0.05,38.0,11.0,12.0,17.0
1206,9904,2014/2015,2.26,34.0,0.0,34.0,12.0,8.0,13.0
1207,9905,2014/2015,1.56,34.0,0.06,34.0,14.0,13.0,17.0
1208,9906,2014/2015,3.0,38.0,0.03,38.0,14.0,14.0,16.0
1209,9908,2014/2015,1.7,23.0,0.04,23.0,16.0,14.0,18.0
1210,9910,2014/2015,3.08,38.0,0.11,38.0,13.0,10.0,14.0
1211,9911,2014/2015,2.09,34.0,0.06,34.0,5.0,3.0,8.0
1212,9912,2014/2015,2.03,34.0,0.03,34.0,5.0,5.0,8.0
1213,9925,2014/2015,1.0,2.0,1.0,2.0,4.0,3.0,6.0
1214,9941,2014/2015,1.63,38.0,0.11,38.0,12.0,15.0,18.0
1215,9976,2014/2015,2.0,38.0,0.08,38.0,7.0,7.0,12.0
1216,10003,2014/2015,1.34,38.0,0.05,38.0,10.0,11.0,14.0
1217,10167,2014/2015,2.74,38.0,0.08,38.0,14.0,14.0,18.0
1218,10172,2014/2015,2.03,38.0,0.03,38.0,12.0,9.0,14.0
1219,10189,2014/2015,1.94,34.0,0.06,34.0,12.0,11.0,16.0
1220,10194,2014/2015,2.18,38.0,0.0,38.0,9.0,14.0,14.0
1221,10205,2014/2015,2.5,38.0,0.03,38.0,13.0,13.0,16.0
1222,10217,2014/2015,1.91,23.0,0.04,23.0,11.0,11.0,16.0
1223,10218,2014/2015,1.09,23.0,0.04,23.0,9.0,9.0,11.0
1224,10228,2014/2015,1.74,23.0,0.04,23.0,9.0,11.0,15.0
1225,10229,2014/2015,1.57,23.0,0.0,23.0,11.0,13.0,15.0
1226,10233,2014/2015,2.76,38.0,0.08,38.0,16.0,16.0,21.0
1227,10235,2014/2015,1.43,23.0,0.09,23.0,11.0,11.0,15.0
1228,10242,2014/2015,1.95,38.0,0.16,38.0,14.0,12.0,18.0
1229,10249,2014/2015,1.34,38.0,0.03,38.0,12.0,14.0,16.0
1230,10252,2014/2015,1.92,38.0,0.11,38.0,11.0,13.0,19.0
1231,10260,2014/2015,1.74,38.0,0.08,38.0,13.0,11.0,15.0
1232,10261,2014/2015,1.87,38.0,0.03,38.0,17.0,16.0,22.0
1233,10267,2014/2015,2.84,38.0,0.11,38.0,14.0,13.0,16.0
1234,10268,2014/2015,2.84,38.0,0.03,38.0,11.0,12.0,15.0
1235,10269,2014/2015,1.79,34.0,0.06,34.0,13.0,13.0,16.0
1236,10278,2014/2015,2.42,38.0,0.11,38.0,6.0,5.0,9.0
1237,10281,2014/2015,2.68,38.0,0.03,38.0,6.0,8.0,12.0
1238,208931,2014/2015,2.89,38.0,0.03,38.0,16.0,12.0,20.0
1239,2182,2015/2016,2.5,2.0,0.0,2.0,1.0,2.0,3.0
1240,4087,2015/2016,1.84,38.0,0.08,38.0,17.0,11.0,18.0
1241,6269,2015/2016,1.94,36.0,0.06,36.0,8.0,6.0,12.0
1242,6391,2015/2016,2.47,38.0,0.05,38.0,12.0,15.0,18.0
1243,6413,2015/2016,1.65,34.0,0.06,34.0,16.0,16.0,19.0
1244,6433,2015/2016,1.13,23.0,0.0,23.0,9.0,7.0,13.0
1245,6631,2015/2016,1.13,23.0,0.13,23.0,12.0,9.0,15.0
1246,7788,2015/2016,1.62,34.0,0.12,34.0,12.0,13.0,16.0
1247,7794,2015/2016,2.24,38.0,0.24,38.0,12.0,10.0,14.0
1248,7819,2015/2016,1.45,38.0,0.08,38.0,10.0,12.0,16.0
1249,7869,2015/2016,2.66,38.0,0.11,38.0,9.0,8.0,12.0
1250,7878,2015/2016,3.66,38.0,0.05,38.0,11.0,14.0,18.0
1251,7943,2015/2016,2.47,38.0,0.05,38.0,15.0,14.0,20.0
1252,8021,2015/2016,3.0,2.0,0.0,2.0,2.0,0.0,2.0
1253,8121,2015/2016,1.84,38.0,0.16,38.0,14.0,9.0,17.0
1254,8152,2015/2016,1.68,34.0,0.09,34.0,8.0,5.0,10.0
1255,8165,2015/2016,2.15,34.0,0.09,34.0,8.0,7.0,10.0
1256,8177,2015/2016,2.0,34.0,0.03,34.0,11.0,16.0,19.0
1257,8178,2015/2016,1.97,34.0,0.06,34.0,11.0,12.0,14.0
1258,8191,2015/2016,1.71,38.0,0.03,38.0,7.0,10.0,11.0
1259,8197,2015/2016,1.34,38.0,0.0,38.0,12.0,11.0,15.0
1260,8226,2015/2016,1.79,34.0,0.03,34.0,11.0,12.0,16.0
1261,8234,2015/2016,2.35,34.0,0.03,34.0,10.0,10.0,14.0
1262,8245,2015/2016,2.0,1.0,0.0,1.0,1.0,2.0,3.0
1263,8262,2015/2016,2.56,34.0,0.0,34.0,10.0,11.0,14.0
1264,8277,2015/2016,1.32,34.0,0.03,34.0,15.0,14.0,18.0
1265,8295,2015/2016,2.0,34.0,0.0,34.0,2.0,2.0,4.0
1266,8302,2015/2016,2.66,38.0,0.05,38.0,16.0,17.0,21.0
1267,8305,2015/2016,3.37,38.0,0.05,38.0,14.0,13.0,16.0
1268,8306,2015/2016,2.55,38.0,0.05,38.0,12.0,14.0,17.0
1269,8315,2015/2016,2.24,38.0,0.11,38.0,15.0,13.0,17.0
1270,8344,2015/2016,1.29,38.0,0.03,38.0,12.0,12.0,17.0
1271,8350,2015/2016,2.09,34.0,0.09,34.0,8.0,7.0,11.0
1272,8358,2015/2016,1.88,34.0,0.09,34.0,12.0,10.0,14.0
1273,8370,2015/2016,2.95,38.0,0.16,38.0,13.0,13.0,16.0
1274,8371,2015/2016,2.29,38.0,0.13,38.0,6.0,6.0,9.0
1275,8372,2015/2016,2.79,38.0,0.03,38.0,11.0,11.0,13.0
1276,8388,2015/2016,2.58,38.0,0.08,38.0,3.0,1.0,3.0
1277,8394,2015/2016,3.11,38.0,0.11,38.0,9.0,8.0,13.0
1278,8406,2015/2016,2.41,34.0,0.03,34.0,12.0,11.0,14.0
1279,8455,2015/2016,1.58,38.0,0.08,38.0,19.0,13.0,21.0
1280,8456,2015/2016,1.61,38.0,0.0,38.0,15.0,15.0,20.0
1281,8460,2015/2016,1.53,34.0,0.06,34.0,14.0,14.0,17.0
1282,8462,2015/2016,1.79,38.0,0.03,38.0,15.0,13.0,17.0
1283,8464,2015/2016,1.41,34.0,0.06,34.0,11.0,8.0,12.0
1284,8466,2015/2016,1.58,38.0,0.08,38.0,14.0,12.0,17.0
1285,8472,2015/2016,1.74,38.0,0.0,38.0,14.0,15.0,18.0
1286,8479,2015/2016,2.42,38.0,0.0,38.0,6.0,3.0,7.0
1287,8483,2015/2016,1.24,38.0,0.05,38.0,14.0,12.0,16.0
1288,8524,2015/2016,2.74,38.0,0.16,38.0,17.0,11.0,18.0
1289,8525,2015/2016,1.71,34.0,0.0,34.0,12.0,11.0,14.0
1290,8526,2015/2016,1.79,34.0,0.06,34.0,17.0,11.0,18.0
1291,8528,2015/2016,1.74,38.0,0.05,38.0,15.0,12.0,16.0
1292,8529,2015/2016,2.95,38.0,0.08,38.0,14.0,15.0,17.0
1293,8530,2015/2016,2.53,38.0,0.05,38.0,9.0,9.0,12.0
1294,8533,2015/2016,2.79,38.0,0.05,38.0,15.0,11.0,17.0
1295,8534,2015/2016,2.53,38.0,0.05,38.0,11.0,9.0,14.0
1296,8535,2015/2016,2.5,38.0,0.03,38.0,17.0,14.0,19.0
1297,8537,2015/2016,2.82,38.0,0.05,38.0,9.0,6.0,10.0
1298,8540,2015/2016,2.61,38.0,0.05,38.0,14.0,14.0,21.0
1299,8543,2015/2016,2.66,38.0,0.08,38.0,17.0,12.0,18.0
1300,8548,2015/2016,0.5,2.0,0.5,2.0,6.0,4.0,9.0
1301,8549,2015/2016,1.45,38.0,0.05,38.0,12.0,9.0,15.0
1302,8550,2015/2016,1.95,38.0,0.03,38.0,14.0,8.0,14.0
1303,8551,2015/2016,2.36,36.0,0.0,36.0,5.0,7.0,9.0
1304,8558,2015/2016,3.34,38.0,0.0,38.0,12.0,11.0,15.0
1305,8559,2015/2016,1.26,38.0,0.11,38.0,15.0,11.0,18.0
1306,8560,2015/2016,2.79,38.0,0.05,38.0,13.0,13.0,19.0
1307,8564,2015/2016,2.5,38.0,0.03,38.0,16.0,15.0,20.0
1308,8576,2015/2016,1.89,38.0,0.05,38.0,11.0,8.0,13.0
1309,8581,2015/2016,3.39,38.0,0.05,38.0,15.0,13.0,19.0
1310,8586,2015/2016,1.89,38.0,0.0,38.0,15.0,14.0,17.0
1311,8588,2015/2016,1.92,38.0,0.05,38.0,9.0,13.0,15.0
1312,8592,2015/2016,1.95,38.0,0.21,38.0,17.0,14.0,18.0
1313,8593,2015/2016,1.18,34.0,0.0,34.0,12.0,17.0,18.0
1314,8600,2015/2016,2.68,38.0,0.08,38.0,8.0,13.0,15.0
1315,8602,2015/2016,1.68,38.0,0.08,38.0,11.0,12.0,14.0
1316,8603,2015/2016,2.89,38.0,0.0,38.0,12.0,15.0,18.0
1317,8611,2015/2016,1.26,34.0,0.09,34.0,14.0,13.0,18.0
1318,8633,2015/2016,1.87,38.0,0.05,38.0,14.0,17.0,17.0
1319,8634,2015/2016,1.74,38.0,0.03,38.0,10.0,17.0,18.0
1320,8636,2015/2016,2.53,38.0,0.11,38.0,15.0,14.0,17.0
1321,8639,2015/2016,2.18,38.0,0.11,38.0,12.0,10.0,15.0
1322,8640,2015/2016,1.5,34.0,0.0,34.0,16.0,14.0,16.0
1323,8650,2015/2016,1.68,38.0,0.0,38.0,17.0,15.0,21.0
1324,8654,2015/2016,1.5,38.0,0.13,38.0,15.0,13.0,16.0
1325,8655,2015/2016,1.76,38.0,0.08,38.0,13.0,16.0,18.0
1326,8658,2015/2016,1.53,38.0,0.05,38.0,13.0,13.0,18.0
1327,8659,2015/2016,1.68,38.0,0.08,38.0,12.0,14.0,17.0
1328,8661,2015/2016,3.11,38.0,0.11,38.0,6.0,7.0,9.0
1329,8667,2015/2016,1.95,38.0,0.13,38.0,12.0,13.0,18.0
1330,8668,2015/2016,1.24,38.0,0.05,38.0,12.0,14.0,16.0
1331,8673,2015/2016,3.5,2.0,0.0,2.0,4.0,3.0,6.0
1332,8674,2015/2016,1.59,34.0,0.03,34.0,13.0,14.0,16.0
1333,8678,2015/2016,1.39,38.0,0.03,38.0,14.0,10.0,17.0
1334,8686,2015/2016,2.16,38.0,0.05,38.0,20.0,18.0,23.0
1335,8689,2015/2016,1.71,38.0,0.16,38.0,11.0,12.0,15.0
1336,8696,2015/2016,3.0,38.0,0.13,38.0,7.0,5.0,10.0
1337,8697,2015/2016,2.29,34.0,0.03,34.0,13.0,13.0,16.0
1338,8721,2015/2016,1.68,34.0,0.03,34.0,16.0,14.0,20.0
1339,8722,2015/2016,1.65,34.0,0.03,34.0,11.0,11.0,16.0
1340,9747,2015/2016,2.08,38.0,0.11,38.0,16.0,13.0,20.0
1341,9748,2015/2016,1.82,38.0,0.03,38.0,16.0,14.0,18.0
1342,9761,2015/2016,1.57,23.0,0.09,23.0,7.0,11.0,13.0
1343,9776,2015/2016,1.85,34.0,0.0,34.0,7.0,10.0,11.0
1344,9783,2015/2016,2.18,38.0,0.03,38.0,9.0,11.0,13.0
1345,9788,2015/2016,1.38,34.0,0.03,34.0,15.0,15.0,17.0
1346,9789,2015/2016,1.15,34.0,0.0,34.0,13.0,16.0,18.0
1347,9790,2015/2016,2.18,34.0,0.06,34.0,11.0,14.0,17.0
1348,9791,2015/2016,1.68,34.0,0.03,34.0,11.0,13.0,15.0
1349,9798,2015/2016,1.18,38.0,0.03,38.0,12.0,15.0,20.0
1350,9803,2015/2016,1.76,34.0,0.06,34.0,13.0,18.0,20.0
1351,9804,2015/2016,2.55,38.0,0.03,38.0,18.0,16.0,21.0
1352,9810,2015/2016,2.82,34.0,0.0,34.0,11.0,14.0,15.0
1353,9817,2015/2016,1.97,38.0,0.05,38.0,9.0,9.0,15.0
1354,9823,2015/2016,1.41,34.0,0.0,34.0,15.0,18.0,19.0
1355,9825,2015/2016,1.11,38.0,0.05,38.0,15.0,12.0,18.0
1356,9826,2015/2016,1.61,38.0,0.03,38.0,13.0,12.0,13.0
1357,9827,2015/2016,2.21,38.0,0.13,38.0,18.0,13.0,21.0
1358,9829,2015/2016,2.21,38.0,0.08,38.0,20.0,16.0,24.0
1359,9830,2015/2016,2.13,38.0,0.11,38.0,13.0,12.0,16.0
1360,9831,2015/2016,1.79,38.0,0.13,38.0,15.0,12.0,18.0
1361,9837,2015/2016,2.24,38.0,0.05,38.0,15.0,14.0,18.0
1362,9847,2015/2016,1.24,38.0,0.0,38.0,19.0,16.0,19.0
1363,9850,2015/2016,1.63,38.0,0.05,38.0,16.0,11.0,18.0
1364,9851,2015/2016,1.84,38.0,0.0,38.0,13.0,13.0,16.0
1365,9853,2015/2016,1.97,38.0,0.05,38.0,14.0,17.0,21.0
1366,9857,2015/2016,2.45,38.0,0.05,38.0,9.0,13.0,15.0
1367,9858,2015/2016,2.53,38.0,0.0,38.0,5.0,6.0,8.0
1368,9864,2015/2016,2.84,38.0,0.03,38.0,11.0,15.0,18.0
1369,9865,2015/2016,3.05,38.0,0.05,38.0,11.0,13.0,17.0
1370,9867,2015/2016,2.29,38.0,0.05,38.0,6.0,6.0,9.0
1371,9868,2015/2016,2.58,38.0,0.13,38.0,4.0,5.0,8.0
1372,9869,2015/2016,2.71,38.0,0.03,38.0,13.0,12.0,18.0
1373,9873,2015/2016,1.61,38.0,0.03,38.0,8.0,5.0,10.0
1374,9874,2015/2016,1.92,38.0,0.08,38.0,8.0,7.0,11.0
1375,9875,2015/2016,1.84,38.0,0.0,38.0,11.0,13.0,14.0
1376,9876,2015/2016,2.42,38.0,0.08,38.0,15.0,11.0,21.0
1377,9879,2015/2016,1.53,38.0,0.03,38.0,19.0,16.0,22.0
1378,9880,2015/2016,2.79,38.0,0.05,38.0,12.0,12.0,17.0
1379,9882,2015/2016,2.79,38.0,0.08,38.0,14.0,14.0,20.0
1380,9885,2015/2016,2.45,38.0,0.08,38.0,16.0,14.0,20.0
1381,9888,2015/2016,2.77,35.0,0.09,35.0,10.0,4.0,11.0
1382,9891,2015/2016,2.92,38.0,0.05,38.0,11.0,12.0,17.0
1383,9904,2015/2016,1.94,34.0,0.0,34.0,16.0,11.0,22.0
1384,9905,2015/2016,1.56,34.0,0.03,34.0,12.0,13.0,15.0
1385,9906,2015/2016,2.37,38.0,0.03,38.0,14.0,16.0,16.0
1386,9908,2015/2016,1.35,34.0,0.06,34.0,14.0,14.0,18.0
1387,9910,2015/2016,2.97,38.0,0.08,38.0,12.0,14.0,17.0
1388,9911,2015/2016,2.09,34.0,0.06,34.0,5.0,3.0,8.0
1389,9912,2015/2016,2.03,34.0,0.03,34.0,5.0,5.0,8.0
1390,9925,2015/2016,1.0,2.0,1.0,2.0,4.0,3.0,6.0
1391,9941,2015/2016,2.0,38.0,0.16,38.0,13.0,12.0,18.0
1392,9976,2015/2016,2.0,38.0,0.08,38.0,7.0,7.0,12.0
1393,10003,2015/2016,1.58,38.0,0.03,38.0,12.0,15.0,17.0
1394,10167,2015/2016,2.74,38.0,0.08,38.0,14.0,14.0,18.0
1395,10172,2015/2016,2.03,38.0,0.03,38.0,12.0,9.0,14.0
1396,10189,2015/2016,1.88,34.0,0.03,34.0,14.0,14.0,18.0
1397,10194,2015/2016,1.37,38.0,0.08,38.0,9.0,14.0,15.0
1398,10205,2015/2016,2.61,38.0,0.03,38.0,13.0,14.0,16.0
1399,10217,2015/2016,1.88,34.0,0.06,34.0,14.0,13.0,18.0
1400,10218,2015/2016,1.5,34.0,0.03,34.0,10.0,11.0,13.0
1401,10228,2015/2016,1.94,34.0,0.06,34.0,11.0,10.0,16.0
1402,10229,2015/2016,1.35,34.0,0.03,34.0,19.0,14.0,19.0
1403,10233,2015/2016,2.26,38.0,0.11,38.0,12.0,15.0,17.0
1404,10235,2015/2016,1.59,34.0,0.06,34.0,11.0,13.0,16.0
1405,10242,2015/2016,1.95,38.0,0.16,38.0,14.0,12.0,18.0
1406,10249,2015/2016,1.68,38.0,0.05,38.0,14.0,11.0,16.0
1407,10252,2015/2016,1.95,38.0,0.05,38.0,13.0,12.0,19.0
1408,10260,2015/2016,1.74,38.0,0.0,38.0,14.0,14.0,19.0
1409,10261,2015/2016,1.58,38.0,0.11,38.0,14.0,12.0,17.0
1410,10267,2015/2016,2.82,38.0,0.05,38.0,11.0,9.0,11.0
1411,10268,2015/2016,2.84,38.0,0.03,38.0,11.0,12.0,15.0
1412,10269,2015/2016,2.0,34.0,0.03,34.0,17.0,16.0,23.0
1413,10278,2015/2016,2.42,38.0,0.11,38.0,6.0,5.0,9.0
1414,10281,2015/2016,2.68,38.0,0.03,38.0,6.0,8.0,12.0
1415,208931,2015/2016,2.89,38.0,0.03,38.0,16.0,12.0,20.0
